"PreSens Measurement Studio 2","4.0.0.2353",""
"Date","Time","Channel","User","SensorID","Sensor_Name","delta_t","Time_Unit","Value","O2_Unit","Mode","Phase","Phase_Unit","Amplitude","Amplitude_Unit","Temp","Temp_Unit","Pressure","Pressure_Unit","Salinity","Salinity_Unit","Error","Cal0","Cal0_Unit","T0","T0_Unit","O2Cal2nd","O2_Unit","Cal2nd","Cal2nd_Unit","T2nd","T2nd_Unit","CalPressure","CalPressure_Unit","f1","dPhi1","dkSv1","dPhi2","dkSv2","m","Cal_Mode","SignalLEDCurrent","User_Signal_Intensity","ReferenceLEDCurrent","Reference_Amplitude","Device_Serial","FwVersion","SwVersion","Sensor_Type","BatchID","Calibration_Date","Sensor_Lot","PreSens_Calibr","Battery_Voltage","Battery_Voltage_Unit","Cal0_Amplitude","Cal0_Amplitude_Unit","Cal2nd_Amplitude","Cal2nd_Amplitude_Unit"
"06/13/2023","13:43:07","8","default","139783136","OXY_CH8","0.000","min","79.226","μmol/L","Humid","21.679","deg","142419","µV","30.333","°C","1017.000","hPa","0.0","pmil","0","55.292","deg","20.000","°C","100.000","μmol/L","21.658","deg","20.000","°C","1013.000","hPa","0.825","-0.013","0.000365","-0.00015","0","10","Humid","29.05","0","27.30","278280.41","SABD0002000026","AAV2.0.0.13","4.0.0.2353","PSt7-10","221103-017","5/25/2023 1:31:44 PM","0000-00","0","no battery","V","353819","µV","","µV"
"06/13/2023","13:43:10","8","default","139783136","OXY_CH8","0.049","min","79.202","μmol/L","Humid","21.684","deg","142419","µV","30.327","°C","1017.000","hPa","0.0","pmil","0","55.292","deg","20.000","°C","100.000","μmol/L","21.658","deg","20.000","°C","1013.000","hPa","0.825","-0.013","0.000365","-0.00015","0","10","Humid","29.05","0","27.30","278216.25","SABD0002000026","AAV2.0.0.13","4.0.0.2353","PSt7-10","221103-017","5/25/2023 1:31:44 PM","0000-00","0","no battery","V","353819","µV","","µV"
"06/13/2023","13:43:13","8","default","139783136","OXY_CH8","0.099","min","79.171","μmol/L","Humid","21.690","deg","142442","µV","30.321","°C","1017.000","hPa","0.0","pmil","0","55.292","deg","20.000","°C","100.000","μmol/L","21.658","deg","20.000","°C","1013.000","hPa","0.825","-0.013","0.000365","-0.00015","0","10","Humid","29.05","0","27.30","278184.81","SABD0002000026","AAV2.0.0.13","4.0.0.2353","PSt7-10","221103-017","5/25/2023 1:31:44 PM","0000-00","0","no battery","V","353819","µV","","µV"
"06/13/2023","13:43:16","8","default","139783136","OXY_CH8","0.149","min","79.141","μmol/L","Humid","21.693","deg","142459","µV","30.327","°C","1017.000","hPa","0.0","pmil","0","55.292","deg","20.000","°C","100.000","μmol/L","21.658","deg","20.000","°C","1013.000","hPa","0.825","-0.013","0.000365","-0.00015","0","10","Humid","29.05","0","27.30","278150.40","SABD0002000026","AAV2.0.0.13","4.0.0.2353","PSt7-10","221103-017","5/25/2023 1:31:44 PM","0000-00","0","no battery","V","353819","µV","","µV"
"06/13/2023","13:43:19","8","default","139783136","OXY_CH8","0.199","min","79.106","μmol/L","Humid","21.698","deg","142477","µV","30.327","°C","1017.000","hPa","0.0","pmil","0","55.292","deg","20.000","°C","100.000","μmol/L","21.658","deg","20.000","°C","1013.000","hPa","0.825","-0.013","0.000365","-0.00015","0","10","Humid","29.05","0","27.30","278128.57","SABD0002000026","AAV2.0.0.13","4.0.0.2353","PSt7-10","221103-017","5/25/2023 1:31:44 PM","0000-00","0","no battery","V","353819","µV","","µV"
"06/13/2023","13:43:22","8","default","139783136","OXY_CH8","0.249","min","79.069","μmol/L","Humid","21.702","deg","142507","µV","30.333","°C","1017.000","hPa","0.0","pmil","0","55.292","deg","20.000","°C","100.000","μmol/L","21.658","deg","20.000","°C","1013.000","hPa","0.825","-0.013","0.000365","-0.00015","0","10","Humid","29.05","0","27.30","278115.30","SABD0002000026","AAV2.0.0.13","4.0.0.2353","PSt7-10","221103-017","5/25/2023 1:31:44 PM","0000-00","0","no battery","V","353819","µV","","µV"
"06/13/2023","13:43:25","8","default","139783136","OXY_CH8","0.299","min","79.024","μmol/L","Humid","21.710","deg","142529","µV","30.327","°C","1017.000","hPa","0.0","pmil","0","55.292","deg","20.000","°C","100.000","μmol/L","21.658","deg","20.000","°C","1013.000","hPa","0.825","-0.013","0.000365","-0.00015","0","10","Humid","29.05","0","27.30","278103.71","SABD0002000026","AAV2.0.0.13","4.0.0.2353","PSt7-10","221103-017","5/25/2023 1:31:44 PM","0000-00","0","no battery","V","353819","µV","","µV"
"06/13/2023","13:43:28","8","default","139783136","OXY_CH8","0.349","min","79.034","μmol/L","Humid","21.710","deg","142546","µV","30.321","°C","1017.000","hPa","0.0","pmil","0","55.292","deg","20.000","°C","100.000","μmol/L","21.658","deg","20.000","°C","1013.000","hPa","0.825","-0.013","0.000365","-0.00015","0","10","Humid","29.05","0","27.30","278080.77","SABD0002000026","AAV2.0.0.13","4.0.0.2353","PSt7-10","221103-017","5/25/2023 1:31:44 PM","0000-00","0","no battery","V","353819","µV","","µV"
"06/13/2023","13:43:31","8","default","139783136","OXY_CH8","0.399","min","79.031","μmol/L","Humid","21.709","deg","142560","µV","30.327","°C","1017.000","hPa","0.0","pmil","0","55.292","deg","20.000","°C","100.000","μmol/L","21.658","deg","20.000","°C","1013.000","hPa","0.825","-0.013","0.000365","-0.00015","0","10","Humid","29.05","0","27.30","278066.14","SABD0002000026","AAV2.0.0.13","4.0.0.2353","PSt7-10","221103-017","5/25/2023 1:31:44 PM","0000-00","0","no battery","V","353819","µV","","µV"
"06/13/2023","13:43:34","8","default","139783136","OXY_CH8","0.449","min","78.987","μmol/L","Humid","21.717","deg","142570","µV","30.321","°C","1017.000","hPa","0.0","pmil","0","55.292","deg","20.000","°C","100.000","μmol/L","21.658","deg","20.000","°C","1013.000","hPa","0.825","-0.013","0.000365","-0.00015","0","10","Humid","29.05","0","27.30","278048.14","SABD0002000026","AAV2.0.0.13","4.0.0.2353","PSt7-10","221103-017","5/25/2023 1:31:44 PM","0000-00","0","no battery","V","353819","µV","","µV"
"06/13/2023","13:43:37","8","default","139783136","OXY_CH8","0.499","min","78.980","μmol/L","Humid","21.718","deg","142595","µV","30.321","°C","1017.000","hPa","0.0","pmil","0","55.292","deg","20.000","°C","100.000","μmol/L","21.658","deg","20.000","°C","1013.000","hPa","0.825","-0.013","0.000365","-0.00015","0","10","Humid","29.05","0","27.30","278043.32","SABD0002000026","AAV2.0.0.13","4.0.0.2353","PSt7-10","221103-017","5/25/2023 1:31:44 PM","0000-00","0","no battery","V","353819","µV","","µV"
"06/13/2023","13:43:40","8","default","139783136","OXY_CH8","0.549","min","78.983","μmol/L","Humid","21.719","deg","142606","µV","30.315","°C","1017.000","hPa","0.0","pmil","0","55.292","deg","20.000","°C","100.000","μmol/L","21.658","deg","20.000","°C","1013.000","hPa","0.825","-0.013","0.000365","-0.00015","0","10","Humid","29.05","0","27.30","278024.33","SABD0002000026","AAV2.0.0.13","4.0.0.2353","PSt7-10","221103-017","5/25/2023 1:31:44 PM","0000-00","0","no battery","V","353819","µV","","µV"
"06/13/2023","13:43:43","8","default","139783136","OXY_CH8","0.599","min","78.935","μmol/L","Humid","21.726","deg","142621","µV","30.315","°C","1017.000","hPa","0.0","pmil","0","55.292","deg","20.000","°C","100.000","μmol/L","21.658","deg","20.000","°C","1013.000","hPa","0.825","-0.013","0.000365","-0.00015","0","10","Humid","29.05","0","27.30","278019.97","SABD0002000026","AAV2.0.0.13","4.0.0.2353","PSt7-10","221103-017","5/25/2023 1:31:44 PM","0000-00","0","no battery","V","353819","µV","","µV"
"06/13/2023","13:43:46","8","default","139783136","OXY_CH8","0.649","min","78.935","μmol/L","Humid","21.726","deg","142633","µV","30.315","°C","1017.000","hPa","0.0","pmil","0","55.292","deg","20.000","°C","100.000","μmol/L","21.658","deg","20.000","°C","1013.000","hPa","0.825","-0.013","0.000365","-0.00015","0","10","Humid","29.05","0","27.30","278017.94","SABD0002000026","AAV2.0.0.13","4.0.0.2353","PSt7-10","221103-017","5/25/2023 1:31:44 PM","0000-00","0","no battery","V","353819","µV","","µV"
"06/13/2023","13:43:49","8","default","139783136","OXY_CH8","0.699","min","78.922","μmol/L","Humid","21.728","deg","142653","µV","30.315","°C","1017.000","hPa","0.0","pmil","0","55.292","deg","20.000","°C","100.000","μmol/L","21.658","deg","20.000","°C","1013.000","hPa","0.825","-0.013","0.000365","-0.00015","0","10","Humid","29.05","0","27.30","278009.26","SABD0002000026","AAV2.0.0.13","4.0.0.2353","PSt7-10","221103-017","5/25/2023 1:31:44 PM","0000-00","0","no battery","V","353819","µV","","µV"
"06/13/2023","13:43:52","8","default","139783136","OXY_CH8","0.749","min","78.887","μmol/L","Humid","21.733","deg","142666","µV","30.315","°C","1017.000","hPa","0.0","pmil","0","55.292","deg","20.000","°C","100.000","μmol/L","21.658","deg","20.000","°C","1013.000","hPa","0.825","-0.013","0.000365","-0.00015","0","10","Humid","29.05","0","27.30","278001.09","SABD0002000026","AAV2.0.0.13","4.0.0.2353","PSt7-10","221103-017","5/25/2023 1:31:44 PM","0000-00","0","no battery","V","353819","µV","","µV"
"06/13/2023","13:43:55","8","default","139783136","OXY_CH8","0.799","min","78.887","μmol/L","Humid","21.736","deg","142677","µV","30.303","°C","1017.000","hPa","0.0","pmil","0","55.292","deg","20.000","°C","100.000","μmol/L","21.658","deg","20.000","°C","1013.000","hPa","0.825","-0.013","0.000365","-0.00015","0","10","Humid","29.05","0","27.30","277972.47","SABD0002000026","AAV2.0.0.13","4.0.0.2353","PSt7-10","221103-017","5/25/2023 1:31:44 PM","0000-00","0","no battery","V","353819","µV","","µV"
"06/13/2023","13:43:58","8","default","139783136","OXY_CH8","0.849","min","78.901","μmol/L","Humid","21.734","deg","142693","µV","30.303","°C","1017.000","hPa","0.0","pmil","0","55.292","deg","20.000","°C","100.000","μmol/L","21.658","deg","20.000","°C","1013.000","hPa","0.825","-0.013","0.000365","-0.00015","0","10","Humid","29.05","0","27.30","277985.24","SABD0002000026","AAV2.0.0.13","4.0.0.2353","PSt7-10","221103-017","5/25/2023 1:31:44 PM","0000-00","0","no battery","V","353819","µV","","µV"
"06/13/2023","13:44:01","8","default","139783136","OXY_CH8","0.899","min","78.857","μmol/L","Humid","21.739","deg","142694","µV","30.309","°C","1017.000","hPa","0.0","pmil","0","55.292","deg","20.000","°C","100.000","μmol/L","21.658","deg","20.000","°C","1013.000","hPa","0.825","-0.013","0.000365","-0.00015","0","10","Humid","29.05","0","27.30","277978.22","SABD0002000026","AAV2.0.0.13","4.0.0.2353","PSt7-10","221103-017","5/25/2023 1:31:44 PM","0000-00","0","no battery","V","353819","µV","","µV"
"06/13/2023","13:44:04","8","default","139783136","OXY_CH8","0.949","min","78.877","μmol/L","Humid","21.739","deg","142715","µV","30.296","°C","1017.000","hPa","0.0","pmil","0","55.292","deg","20.000","°C","100.000","μmol/L","21.658","deg","20.000","°C","1013.000","hPa","0.825","-0.013","0.000365","-0.00015","0","10","Humid","29.05","0","27.30","277976.14","SABD0002000026","AAV2.0.0.13","4.0.0.2353","PSt7-10","221103-017","5/25/2023 1:31:44 PM","0000-00","0","no battery","V","353819","µV","","µV"
"06/13/2023","13:44:07","8","default","139783136","OXY_CH8","1.000","min","78.812","μmol/L","Humid","21.744","deg","142720","µV","30.315","°C","1017.000","hPa","0.0","pmil","0","55.292","deg","20.000","°C","100.000","μmol/L","21.658","deg","20.000","°C","1013.000","hPa","0.825","-0.013","0.000365","-0.00015","0","10","Humid","29.05","0","27.30","277959.67","SABD0002000026","AAV2.0.0.13","4.0.0.2353","PSt7-10","221103-017","5/25/2023 1:31:44 PM","0000-00","0","no battery","V","353819","µV","","µV"
"06/13/2023","13:44:10","8","default","139783136","OXY_CH8","1.049","min","78.816","μmol/L","Humid","21.745","deg","142726","µV","30.309","°C","1017.000","hPa","0.0","pmil","0","55.292","deg","20.000","°C","100.000","μmol/L","21.658","deg","20.000","°C","1013.000","hPa","0.825","-0.013","0.000365","-0.00015","0","10","Humid","29.05","0","27.30","277951.77","SABD0002000026","AAV2.0.0.13","4.0.0.2353","PSt7-10","221103-017","5/25/2023 1:31:44 PM","0000-00","0","no battery","V","353819","µV","","µV"
"06/13/2023","13:44:13","8","default","139783136","OXY_CH8","1.099","min","78.823","μmol/L","Humid","21.747","deg","142743","µV","30.296","°C","1017.000","hPa","0.0","pmil","0","55.292","deg","20.000","°C","100.000","μmol/L","21.658","deg","20.000","°C","1013.000","hPa","0.825","-0.013","0.000365","-0.00015","0","10","Humid","29.05","0","27.30","277948.98","SABD0002000026","AAV2.0.0.13","4.0.0.2353","PSt7-10","221103-017","5/25/2023 1:31:44 PM","0000-00","0","no battery","V","353819","µV","","µV"
"06/13/2023","13:44:16","8","default","139783136","OXY_CH8","1.149","min","78.802","μmol/L","Humid","21.750","deg","142751","µV","30.296","°C","1017.000","hPa","0.0","pmil","0","55.292","deg","20.000","°C","100.000","μmol/L","21.658","deg","20.000","°C","1013.000","hPa","0.825","-0.013","0.000365","-0.00015","0","10","Humid","29.05","0","27.30","277939.71","SABD0002000026","AAV2.0.0.13","4.0.0.2353","PSt7-10","221103-017","5/25/2023 1:31:44 PM","0000-00","0","no battery","V","353819","µV","","µV"
"06/13/2023","13:44:19","8","default","139783136","OXY_CH8","1.199","min","78.768","μmol/L","Humid","21.752","deg","142760","µV","30.309","°C","1017.000","hPa","0.0","pmil","0","55.292","deg","20.000","°C","100.000","μmol/L","21.658","deg","20.000","°C","1013.000","hPa","0.825","-0.013","0.000365","-0.00015","0","10","Humid","29.05","0","27.30","277929.70","SABD0002000026","AAV2.0.0.13","4.0.0.2353","PSt7-10","221103-017","5/25/2023 1:31:44 PM","0000-00","0","no battery","V","353819","µV","","µV"
"06/13/2023","13:44:22","8","default","139783136","OXY_CH8","1.249","min","78.768","μmol/L","Humid","21.755","deg","142775","µV","30.296","°C","1017.000","hPa","0.0","pmil","0","55.292","deg","20.000","°C","100.000","μmol/L","21.658","deg","20.000","°C","1013.000","hPa","0.825","-0.013","0.000365","-0.00015","0","10","Humid","29.05","0","27.30","277926.42","SABD0002000026","AAV2.0.0.13","4.0.0.2353","PSt7-10","221103-017","5/25/2023 1:31:44 PM","0000-00","0","no battery","V","353819","µV","","µV"
"06/13/2023","13:44:25","8","default","139783136","OXY_CH8","1.299","min","78.748","μmol/L","Humid","21.758","deg","142776","µV","30.296","°C","1017.000","hPa","0.0","pmil","0","55.292","deg","20.000","°C","100.000","μmol/L","21.658","deg","20.000","°C","1013.000","hPa","0.825","-0.013","0.000365","-0.00015","0","10","Humid","29.05","0","27.30","277928.48","SABD0002000026","AAV2.0.0.13","4.0.0.2353","PSt7-10","221103-017","5/25/2023 1:31:44 PM","0000-00","0","no battery","V","353819","µV","","µV"
"06/13/2023","13:44:28","8","default","139783136","OXY_CH8","1.350","min","78.761","μmol/L","Humid","21.756","deg","142792","µV","30.296","°C","1017.000","hPa","0.0","pmil","0","55.292","deg","20.000","°C","100.000","μmol/L","21.658","deg","20.000","°C","1013.000","hPa","0.825","-0.013","0.000365","-0.00015","0","10","Humid","29.05","0","27.30","277919.72","SABD0002000026","AAV2.0.0.13","4.0.0.2353","PSt7-10","221103-017","5/25/2023 1:31:44 PM","0000-00","0","no battery","V","353819","µV","","µV"
"06/13/2023","13:44:31","8","default","139783136","OXY_CH8","1.399","min","78.768","μmol/L","Humid","21.755","deg","142790","µV","30.296","°C","1017.000","hPa","0.0","pmil","0","55.292","deg","20.000","°C","100.000","μmol/L","21.658","deg","20.000","°C","1013.000","hPa","0.825","-0.013","0.000365","-0.00015","0","10","Humid","29.05","0","27.30","277910.18","SABD0002000026","AAV2.0.0.13","4.0.0.2353","PSt7-10","221103-017","5/25/2023 1:31:44 PM","0000-00","0","no battery","V","353819","µV","","µV"
"06/13/2023","13:44:34","8","default","139783136","OXY_CH8","1.449","min","78.758","μmol/L","Humid","21.758","deg","142801","µV","30.290","°C","1017.000","hPa","0.0","pmil","0","55.292","deg","20.000","°C","100.000","μmol/L","21.658","deg","20.000","°C","1013.000","hPa","0.825","-0.013","0.000365","-0.00015","0","10","Humid","29.05","0","27.30","277897.07","SABD0002000026","AAV2.0.0.13","4.0.0.2353","PSt7-10","221103-017","5/25/2023 1:31:44 PM","0000-00","0","no battery","V","353819","µV","","µV"
"06/13/2023","13:44:37","8","default","139783136","OXY_CH8","1.499","min","78.717","μmol/L","Humid","21.764","deg","142813","µV","30.290","°C","1017.000","hPa","0.0","pmil","0","55.292","deg","20.000","°C","100.000","μmol/L","21.658","deg","20.000","°C","1013.000","hPa","0.825","-0.013","0.000365","-0.00015","0","10","Humid","29.05","0","27.30","277903.66","SABD0002000026","AAV2.0.0.13","4.0.0.2353","PSt7-10","221103-017","5/25/2023 1:31:44 PM","0000-00","0","no battery","V","353819","µV","","µV"
"06/13/2023","13:44:40","8","default","139783136","OXY_CH8","1.549","min","78.724","μmol/L","Humid","21.763","deg","142820","µV","30.290","°C","1017.000","hPa","0.0","pmil","0","55.292","deg","20.000","°C","100.000","μmol/L","21.658","deg","20.000","°C","1013.000","hPa","0.825","-0.013","0.000365","-0.00015","0","10","Humid","29.05","0","27.30","277892.69","SABD0002000026","AAV2.0.0.13","4.0.0.2353","PSt7-10","221103-017","5/25/2023 1:31:44 PM","0000-00","0","no battery","V","353819","µV","","µV"
"06/13/2023","13:44:43","8","default","139783136","OXY_CH8","1.599","min","78.724","μmol/L","Humid","21.763","deg","142822","µV","30.290","°C","1017.000","hPa","0.0","pmil","0","55.292","deg","20.000","°C","100.000","μmol/L","21.658","deg","20.000","°C","1013.000","hPa","0.825","-0.013","0.000365","-0.00015","0","10","Humid","29.05","0","27.30","277878.29","SABD0002000026","AAV2.0.0.13","4.0.0.2353","PSt7-10","221103-017","5/25/2023 1:31:44 PM","0000-00","0","no battery","V","353819","µV","","µV"
"06/13/2023","13:44:46","8","default","139783136","OXY_CH8","1.649","min","78.703","μmol/L","Humid","21.766","deg","142822","µV","30.290","°C","1017.000","hPa","0.0","pmil","0","55.292","deg","20.000","°C","100.000","μmol/L","21.658","deg","20.000","°C","1013.000","hPa","0.825","-0.013","0.000365","-0.00015","0","10","Humid","29.05","0","27.30","277867.22","SABD0002000026","AAV2.0.0.13","4.0.0.2353","PSt7-10","221103-017","5/25/2023 1:31:44 PM","0000-00","0","no battery","V","353819","µV","","µV"
"06/13/2023","13:44:49","8","default","139783136","OXY_CH8","1.699","min","78.720","μmol/L","Humid","21.765","deg","142838","µV","30.284","°C","1017.000","hPa","0.0","pmil","0","55.292","deg","20.000","°C","100.000","μmol/L","21.658","deg","20.000","°C","1013.000","hPa","0.825","-0.013","0.000365","-0.00015","0","10","Humid","29.05","0","27.30","277874.92","SABD0002000026","AAV2.0.0.13","4.0.0.2353","PSt7-10","221103-017","5/25/2023 1:31:44 PM","0000-00","0","no battery","V","353819","µV","","µV"
"06/13/2023","13:44:52","8","default","139783136","OXY_CH8","1.749","min","78.700","μmol/L","Humid","21.768","deg","142844","µV","30.284","°C","1017.000","hPa","0.0","pmil","0","55.292","deg","20.000","°C","100.000","μmol/L","21.658","deg","20.000","°C","1013.000","hPa","0.825","-0.013","0.000365","-0.00015","0","10","Humid","29.05","0","27.30","277874.05","SABD0002000026","AAV2.0.0.13","4.0.0.2353","PSt7-10","221103-017","5/25/2023 1:31:44 PM","0000-00","0","no battery","V","353819","µV","","µV"
"06/13/2023","13:44:55","8","default","139783136","OXY_CH8","1.799","min","78.669","μmol/L","Humid","21.771","deg","142859","µV","30.290","°C","1017.000","hPa","0.0","pmil","0","55.292","deg","20.000","°C","100.000","μmol/L","21.658","deg","20.000","°C","1013.000","hPa","0.825","-0.013","0.000365","-0.00015","0","10","Humid","29.05","0","27.30","277874.81","SABD0002000026","AAV2.0.0.13","4.0.0.2353","PSt7-10","221103-017","5/25/2023 1:31:44 PM","0000-00","0","no battery","V","353819","µV","","µV"
"06/13/2023","13:44:58","8","default","139783136","OXY_CH8","1.849","min","78.666","μmol/L","Humid","21.773","deg","142861","µV","30.284","°C","1017.000","hPa","0.0","pmil","0","55.292","deg","20.000","°C","100.000","μmol/L","21.658","deg","20.000","°C","1013.000","hPa","0.825","-0.013","0.000365","-0.00015","0","10","Humid","29.05","0","27.30","277871.11","SABD0002000026","AAV2.0.0.13","4.0.0.2353","PSt7-10","221103-017","5/25/2023 1:31:44 PM","0000-00","0","no battery","V","353819","µV","","µV"
"06/13/2023","13:45:01","8","default","139783136","OXY_CH8","1.899","min","78.673","μmol/L","Humid","21.772","deg","142858","µV","30.284","°C","1017.000","hPa","0.0","pmil","0","55.292","deg","20.000","°C","100.000","μmol/L","21.658","deg","20.000","°C","1013.000","hPa","0.825","-0.013","0.000365","-0.00015","0","10","Humid","29.05","0","27.30","277859.71","SABD0002000026","AAV2.0.0.13","4.0.0.2353","PSt7-10","221103-017","5/25/2023 1:31:44 PM","0000-00","0","no battery","V","353819","µV","","µV"
"06/13/2023","13:45:04","8","default","139783136","OXY_CH8","1.949","min","78.679","μmol/L","Humid","21.774","deg","142865","µV","30.272","°C","1017.000","hPa","0.0","pmil","0","55.292","deg","20.000","°C","100.000","μmol/L","21.658","deg","20.000","°C","1013.000","hPa","0.825","-0.013","0.000365","-0.00015","0","10","Humid","29.05","0","27.30","277855.62","SABD0002000026","AAV2.0.0.13","4.0.0.2353","PSt7-10","221103-017","5/25/2023 1:31:44 PM","0000-00","0","no battery","V","353819","µV","","µV"
"06/13/2023","13:45:07","8","default","139783136","OXY_CH8","1.999","min","78.669","μmol/L","Humid","21.774","deg","142872","µV","30.278","°C","1017.000","hPa","0.0","pmil","0","55.292","deg","20.000","°C","100.000","μmol/L","21.658","deg","20.000","°C","1013.000","hPa","0.825","-0.013","0.000365","-0.00015","0","10","Humid","29.05","0","27.30","277843.24","SABD0002000026","AAV2.0.0.13","4.0.0.2353","PSt7-10","221103-017","5/25/2023 1:31:44 PM","0000-00","0","no battery","V","353819","µV","","µV"
"06/13/2023","13:45:10","8","default","139783136","OXY_CH8","2.049","min","78.659","μmol/L","Humid","21.777","deg","142877","µV","30.272","°C","1017.000","hPa","0.0","pmil","0","55.292","deg","20.000","°C","100.000","μmol/L","21.658","deg","20.000","°C","1013.000","hPa","0.825","-0.013","0.000365","-0.00015","0","10","Humid","29.05","0","27.30","277848.14","SABD0002000026","AAV2.0.0.13","4.0.0.2353","PSt7-10","221103-017","5/25/2023 1:31:44 PM","0000-00","0","no battery","V","353819","µV","","µV"
"06/13/2023","13:45:13","8","default","139783136","OXY_CH8","2.099","min","78.639","μmol/L","Humid","21.780","deg","142892","µV","30.272","°C","1017.000","hPa","0.0","pmil","0","55.292","deg","20.000","°C","100.000","μmol/L","21.658","deg","20.000","°C","1013.000","hPa","0.825","-0.013","0.000365","-0.00015","0","10","Humid","29.05","0","27.30","277854.76","SABD0002000026","AAV2.0.0.13","4.0.0.2353","PSt7-10","221103-017","5/25/2023 1:31:44 PM","0000-00","0","no battery","V","353819","µV","","µV"
"06/13/2023","13:45:16","8","default","139783136","OXY_CH8","2.149","min","78.628","μmol/L","Humid","21.780","deg","142896","µV","30.278","°C","1017.000","hPa","0.0","pmil","0","55.292","deg","20.000","°C","100.000","μmol/L","21.658","deg","20.000","°C","1013.000","hPa","0.825","-0.013","0.000365","-0.00015","0","10","Humid","29.05","0","27.30","277839.79","SABD0002000026","AAV2.0.0.13","4.0.0.2353","PSt7-10","221103-017","5/25/2023 1:31:44 PM","0000-00","0","no battery","V","353819","µV","","µV"
"06/13/2023","13:45:19","8","default","139783136","OXY_CH8","2.198","min","78.622","μmol/L","Humid","21.781","deg","142900","µV","30.278","°C","1017.000","hPa","0.0","pmil","0","55.292","deg","20.000","°C","100.000","μmol/L","21.658","deg","20.000","°C","1013.000","hPa","0.825","-0.013","0.000365","-0.00015","0","10","Humid","29.05","0","27.30","277837.74","SABD0002000026","AAV2.0.0.13","4.0.0.2353","PSt7-10","221103-017","5/25/2023 1:31:44 PM","0000-00","0","no battery","V","353819","µV","","µV"
"06/13/2023","13:45:22","8","default","139783136","OXY_CH8","2.249","min","78.639","μmol/L","Humid","21.780","deg","142911","µV","30.272","°C","1017.000","hPa","0.0","pmil","0","55.292","deg","20.000","°C","100.000","μmol/L","21.658","deg","20.000","°C","1013.000","hPa","0.825","-0.013","0.000365","-0.00015","0","10","Humid","29.05","0","27.30","277827.25","SABD0002000026","AAV2.0.0.13","4.0.0.2353","PSt7-10","221103-017","5/25/2023 1:31:44 PM","0000-00","0","no battery","V","353819","µV","","µV"
"06/13/2023","13:45:25","8","default","139783136","OXY_CH8","2.299","min","78.598","μmol/L","Humid","21.786","deg","142914","µV","30.272","°C","1017.000","hPa","0.0","pmil","0","55.292","deg","20.000","°C","100.000","μmol/L","21.658","deg","20.000","°C","1013.000","hPa","0.825","-0.013","0.000365","-0.00015","0","10","Humid","29.05","0","27.30","277834.37","SABD0002000026","AAV2.0.0.13","4.0.0.2353","PSt7-10","221103-017","5/25/2023 1:31:44 PM","0000-00","0","no battery","V","353819","µV","","µV"
"06/13/2023","13:45:28","8","default","139783136","OXY_CH8","2.349","min","78.584","μmol/L","Humid","21.788","deg","142923","µV","30.272","°C","1017.000","hPa","0.0","pmil","0","55.292","deg","20.000","°C","100.000","μmol/L","21.658","deg","20.000","°C","1013.000","hPa","0.825","-0.013","0.000365","-0.00015","0","10","Humid","29.05","0","27.30","277828.68","SABD0002000026","AAV2.0.0.13","4.0.0.2353","PSt7-10","221103-017","5/25/2023 1:31:44 PM","0000-00","0","no battery","V","353819","µV","","µV"
"06/13/2023","13:45:31","8","default","139783136","OXY_CH8","2.400","min","78.591","μmol/L","Humid","21.787","deg","142929","µV","30.272","°C","1017.000","hPa","0.0","pmil","0","55.292","deg","20.000","°C","100.000","μmol/L","21.658","deg","20.000","°C","1013.000","hPa","0.825","-0.013","0.000365","-0.00015","0","10","Humid","29.05","0","27.30","277829.41","SABD0002000026","AAV2.0.0.13","4.0.0.2353","PSt7-10","221103-017","5/25/2023 1:31:44 PM","0000-00","0","no battery","V","353819","µV","","µV"
"06/13/2023","13:45:34","8","default","139783136","OXY_CH8","2.449","min","78.591","μmol/L","Humid","21.787","deg","142942","µV","30.272","°C","1017.000","hPa","0.0","pmil","0","55.292","deg","20.000","°C","100.000","μmol/L","21.658","deg","20.000","°C","1013.000","hPa","0.825","-0.013","0.000365","-0.00015","0","10","Humid","29.05","0","27.30","277818.90","SABD0002000026","AAV2.0.0.13","4.0.0.2353","PSt7-10","221103-017","5/25/2023 1:31:44 PM","0000-00","0","no battery","V","353819","µV","","µV"
"06/13/2023","13:45:37","8","default","139783136","OXY_CH8","2.499","min","78.598","μmol/L","Humid","21.789","deg","142933","µV","30.260","°C","1017.000","hPa","0.0","pmil","0","55.292","deg","20.000","°C","100.000","μmol/L","21.658","deg","20.000","°C","1013.000","hPa","0.825","-0.013","0.000365","-0.00015","0","10","Humid","29.05","0","27.30","277819.19","SABD0002000026","AAV2.0.0.13","4.0.0.2353","PSt7-10","221103-017","5/25/2023 1:31:44 PM","0000-00","0","no battery","V","353819","µV","","µV"
"06/13/2023","13:45:40","8","default","139783136","OXY_CH8","2.549","min","78.560","μmol/L","Humid","21.793","deg","142939","µV","30.266","°C","1017.000","hPa","0.0","pmil","0","55.292","deg","20.000","°C","100.000","μmol/L","21.658","deg","20.000","°C","1013.000","hPa","0.825","-0.013","0.000365","-0.00015","0","10","Humid","29.05","0","27.30","277813.31","SABD0002000026","AAV2.0.0.13","4.0.0.2353","PSt7-10","221103-017","5/25/2023 1:31:44 PM","0000-00","0","no battery","V","353819","µV","","µV"
"06/13/2023","13:45:43","8","default","139783136","OXY_CH8","2.599","min","78.577","μmol/L","Humid","21.792","deg","142947","µV","30.260","°C","1017.000","hPa","0.0","pmil","0","55.292","deg","20.000","°C","100.000","μmol/L","21.658","deg","20.000","°C","1013.000","hPa","0.825","-0.013","0.000365","-0.00015","0","10","Humid","29.05","0","27.30","277808.23","SABD0002000026","AAV2.0.0.13","4.0.0.2353","PSt7-10","221103-017","5/25/2023 1:31:44 PM","0000-00","0","no battery","V","353819","µV","","µV"
"06/13/2023","13:45:46","8","default","139783136","OXY_CH8","2.649","min","78.574","μmol/L","Humid","21.794","deg","142951","µV","30.253","°C","1017.000","hPa","0.0","pmil","0","55.292","deg","20.000","°C","100.000","μmol/L","21.658","deg","20.000","°C","1013.000","hPa","0.825","-0.013","0.000365","-0.00015","0","10","Humid","29.05","0","27.30","277807.78","SABD0002000026","AAV2.0.0.13","4.0.0.2353","PSt7-10","221103-017","5/25/2023 1:31:44 PM","0000-00","0","no battery","V","353819","µV","","µV"
"06/13/2023","13:45:49","8","default","139783136","OXY_CH8","2.699","min","78.574","μmol/L","Humid","21.794","deg","142963","µV","30.253","°C","1017.000","hPa","0.0","pmil","0","55.292","deg","20.000","°C","100.000","μmol/L","21.658","deg","20.000","°C","1013.000","hPa","0.825","-0.013","0.000365","-0.00015","0","10","Humid","29.05","0","27.30","277798.12","SABD0002000026","AAV2.0.0.13","4.0.0.2353","PSt7-10","221103-017","5/25/2023 1:31:44 PM","0000-00","0","no battery","V","353819","µV","","µV"
"06/13/2023","13:45:52","8","default","139783136","OXY_CH8","2.749","min","78.574","μmol/L","Humid","21.794","deg","142966","µV","30.253","°C","1017.000","hPa","0.0","pmil","0","55.292","deg","20.000","°C","100.000","μmol/L","21.658","deg","20.000","°C","1013.000","hPa","0.825","-0.013","0.000365","-0.00015","0","10","Humid","29.05","0","27.30","277804.30","SABD0002000026","AAV2.0.0.13","4.0.0.2353","PSt7-10","221103-017","5/25/2023 1:31:44 PM","0000-00","0","no battery","V","353819","µV","","µV"
"06/13/2023","13:45:55","8","default","139783136","OXY_CH8","2.799","min","78.554","μmol/L","Humid","21.797","deg","142969","µV","30.253","°C","1017.000","hPa","0.0","pmil","0","55.292","deg","20.000","°C","100.000","μmol/L","21.658","deg","20.000","°C","1013.000","hPa","0.825","-0.013","0.000365","-0.00015","0","10","Humid","29.05","0","27.30","277791.02","SABD0002000026","AAV2.0.0.13","4.0.0.2353","PSt7-10","221103-017","5/25/2023 1:31:44 PM","0000-00","0","no battery","V","353819","µV","","µV"
"06/13/2023","13:45:58","8","default","139783136","OXY_CH8","2.849","min","78.577","μmol/L","Humid","21.795","deg","142975","µV","30.247","°C","1017.000","hPa","0.0","pmil","0","55.292","deg","20.000","°C","100.000","μmol/L","21.658","deg","20.000","°C","1013.000","hPa","0.825","-0.013","0.000365","-0.00015","0","10","Humid","29.05","0","27.30","277795.05","SABD0002000026","AAV2.0.0.13","4.0.0.2353","PSt7-10","221103-017","5/25/2023 1:31:44 PM","0000-00","0","no battery","V","353819","µV","","µV"
"06/13/2023","13:46:01","8","default","139783136","OXY_CH8","2.899","min","78.523","μmol/L","Humid","21.800","deg","142980","µV","30.260","°C","1017.000","hPa","0.0","pmil","0","55.292","deg","20.000","°C","100.000","μmol/L","21.658","deg","20.000","°C","1013.000","hPa","0.825","-0.013","0.000365","-0.00015","0","10","Humid","29.05","0","27.30","277788.03","SABD0002000026","AAV2.0.0.13","4.0.0.2353","PSt7-10","221103-017","5/25/2023 1:31:44 PM","0000-00","0","no battery","V","353819","µV","","µV"
"06/13/2023","13:46:04","8","default","139783136","OXY_CH8","2.949","min","78.516","μmol/L","Humid","21.801","deg","142985","µV","30.260","°C","1017.000","hPa","0.0","pmil","0","55.292","deg","20.000","°C","100.000","μmol/L","21.658","deg","20.000","°C","1013.000","hPa","0.825","-0.013","0.000365","-0.00015","0","10","Humid","29.05","0","27.30","277780.02","SABD0002000026","AAV2.0.0.13","4.0.0.2353","PSt7-10","221103-017","5/25/2023 1:31:44 PM","0000-00","0","no battery","V","353819","µV","","µV"
"06/13/2023","13:46:07","8","default","139783136","OXY_CH8","2.999","min","78.530","μmol/L","Humid","21.802","deg","142989","µV","30.247","°C","1017.000","hPa","0.0","pmil","0","55.292","deg","20.000","°C","100.000","μmol/L","21.658","deg","20.000","°C","1013.000","hPa","0.825","-0.013","0.000365","-0.00015","0","10","Humid","29.05","0","27.30","277761.09","SABD0002000026","AAV2.0.0.13","4.0.0.2353","PSt7-10","221103-017","5/25/2023 1:31:44 PM","0000-00","0","no battery","V","353819","µV","","µV"
"06/13/2023","13:46:10","8","default","139783136","OXY_CH8","3.049","min","78.537","μmol/L","Humid","21.801","deg","142997","µV","30.247","°C","1017.000","hPa","0.0","pmil","0","55.292","deg","20.000","°C","100.000","μmol/L","21.658","deg","20.000","°C","1013.000","hPa","0.825","-0.013","0.000365","-0.00015","0","10","Humid","29.05","0","27.30","277757.43","SABD0002000026","AAV2.0.0.13","4.0.0.2353","PSt7-10","221103-017","5/25/2023 1:31:44 PM","0000-00","0","no battery","V","353819","µV","","µV"
"06/13/2023","13:46:13","8","default","139783136","OXY_CH8","3.099","min","78.510","μmol/L","Humid","21.805","deg","143005","µV","30.247","°C","1017.000","hPa","0.0","pmil","0","55.292","deg","20.000","°C","100.000","μmol/L","21.658","deg","20.000","°C","1013.000","hPa","0.825","-0.013","0.000365","-0.00015","0","10","Humid","29.05","0","27.30","277762.51","SABD0002000026","AAV2.0.0.13","4.0.0.2353","PSt7-10","221103-017","5/25/2023 1:31:44 PM","0000-00","0","no battery","V","353819","µV","","µV"
"06/13/2023","13:46:16","8","default","139783136","OXY_CH8","3.149","min","78.520","μmol/L","Humid","21.805","deg","143007","µV","30.241","°C","1017.000","hPa","0.0","pmil","0","55.292","deg","20.000","°C","100.000","μmol/L","21.658","deg","20.000","°C","1013.000","hPa","0.825","-0.013","0.000365","-0.00015","0","10","Humid","29.05","0","27.30","277778.17","SABD0002000026","AAV2.0.0.13","4.0.0.2353","PSt7-10","221103-017","5/25/2023 1:31:44 PM","0000-00","0","no battery","V","353819","µV","","µV"
"06/13/2023","13:46:19","8","default","139783136","OXY_CH8","3.199","min","78.537","μmol/L","Humid","21.804","deg","143013","µV","30.235","°C","1017.000","hPa","0.0","pmil","0","55.292","deg","20.000","°C","100.000","μmol/L","21.658","deg","20.000","°C","1013.000","hPa","0.825","-0.013","0.000365","-0.00015","0","10","Humid","29.05","0","27.30","277769.67","SABD0002000026","AAV2.0.0.13","4.0.0.2353","PSt7-10","221103-017","5/25/2023 1:31:44 PM","0000-00","0","no battery","V","353819","µV","","µV"
"06/13/2023","13:46:22","8","default","139783136","OXY_CH8","3.249","min","78.496","μmol/L","Humid","21.807","deg","143014","µV","30.247","°C","1017.000","hPa","0.0","pmil","0","55.292","deg","20.000","°C","100.000","μmol/L","21.658","deg","20.000","°C","1013.000","hPa","0.825","-0.013","0.000365","-0.00015","0","10","Humid","29.05","0","27.30","277760.51","SABD0002000026","AAV2.0.0.13","4.0.0.2353","PSt7-10","221103-017","5/25/2023 1:31:44 PM","0000-00","0","no battery","V","353819","µV","","µV"
"06/13/2023","13:46:25","8","default","139783136","OXY_CH8","3.299","min","78.513","μmol/L","Humid","21.806","deg","143022","µV","30.241","°C","1017.000","hPa","0.0","pmil","0","55.292","deg","20.000","°C","100.000","μmol/L","21.658","deg","20.000","°C","1013.000","hPa","0.825","-0.013","0.000365","-0.00015","0","10","Humid","29.05","0","27.30","277766.92","SABD0002000026","AAV2.0.0.13","4.0.0.2353","PSt7-10","221103-017","5/25/2023 1:31:44 PM","0000-00","0","no battery","V","353819","µV","","µV"
"06/13/2023","13:46:28","8","default","139783136","OXY_CH8","3.349","min","78.482","μmol/L","Humid","21.809","deg","143026","µV","30.247","°C","1017.000","hPa","0.0","pmil","0","55.292","deg","20.000","°C","100.000","μmol/L","21.658","deg","20.000","°C","1013.000","hPa","0.825","-0.013","0.000365","-0.00015","0","10","Humid","29.05","0","27.30","277757.67","SABD0002000026","AAV2.0.0.13","4.0.0.2353","PSt7-10","221103-017","5/25/2023 1:31:44 PM","0000-00","0","no battery","V","353819","µV","","µV"
"06/13/2023","13:46:31","8","default","139783136","OXY_CH8","3.399","min","78.510","μmol/L","Humid","21.808","deg","143036","µV","30.235","°C","1017.000","hPa","0.0","pmil","0","55.292","deg","20.000","°C","100.000","μmol/L","21.658","deg","20.000","°C","1013.000","hPa","0.825","-0.013","0.000365","-0.00015","0","10","Humid","29.05","0","27.30","277765.78","SABD0002000026","AAV2.0.0.13","4.0.0.2353","PSt7-10","221103-017","5/25/2023 1:31:44 PM","0000-00","0","no battery","V","353819","µV","","µV"
"06/13/2023","13:46:34","8","default","139783136","OXY_CH8","3.449","min","78.472","μmol/L","Humid","21.812","deg","143036","µV","30.241","°C","1017.000","hPa","0.0","pmil","0","55.292","deg","20.000","°C","100.000","μmol/L","21.658","deg","20.000","°C","1013.000","hPa","0.825","-0.013","0.000365","-0.00015","0","10","Humid","29.05","0","27.30","277755.93","SABD0002000026","AAV2.0.0.13","4.0.0.2353","PSt7-10","221103-017","5/25/2023 1:31:44 PM","0000-00","0","no battery","V","353819","µV","","µV"
"06/13/2023","13:46:37","8","default","139783136","OXY_CH8","3.499","min","78.469","μmol/L","Humid","21.814","deg","143037","µV","30.235","°C","1017.000","hPa","0.0","pmil","0","55.292","deg","20.000","°C","100.000","μmol/L","21.658","deg","20.000","°C","1013.000","hPa","0.825","-0.013","0.000365","-0.00015","0","10","Humid","29.05","0","27.30","277755.12","SABD0002000026","AAV2.0.0.13","4.0.0.2353","PSt7-10","221103-017","5/25/2023 1:31:44 PM","0000-00","0","no battery","V","353819","µV","","µV"
"06/13/2023","13:46:40","8","default","139783136","OXY_CH8","3.549","min","78.469","μmol/L","Humid","21.814","deg","143043","µV","30.235","°C","1017.000","hPa","0.0","pmil","0","55.292","deg","20.000","°C","100.000","μmol/L","21.658","deg","20.000","°C","1013.000","hPa","0.825","-0.013","0.000365","-0.00015","0","10","Humid","29.05","0","27.30","277739.01","SABD0002000026","AAV2.0.0.13","4.0.0.2353","PSt7-10","221103-017","5/25/2023 1:31:44 PM","0000-00","0","no battery","V","353819","µV","","µV"
"06/13/2023","13:46:43","8","default","139783136","OXY_CH8","3.599","min","78.499","μmol/L","Humid","21.811","deg","143058","µV","30.229","°C","1017.000","hPa","0.0","pmil","0","55.292","deg","20.000","°C","100.000","μmol/L","21.658","deg","20.000","°C","1013.000","hPa","0.825","-0.013","0.000365","-0.00015","0","10","Humid","29.05","0","27.30","277742.06","SABD0002000026","AAV2.0.0.13","4.0.0.2353","PSt7-10","221103-017","5/25/2023 1:31:44 PM","0000-00","0","no battery","V","353819","µV","","µV"
"06/13/2023","13:46:46","8","default","139783136","OXY_CH8","3.649","min","78.486","μmol/L","Humid","21.813","deg","143061","µV","30.229","°C","1017.000","hPa","0.0","pmil","0","55.292","deg","20.000","°C","100.000","μmol/L","21.658","deg","20.000","°C","1013.000","hPa","0.825","-0.013","0.000365","-0.00015","0","10","Humid","29.05","0","27.30","277744.63","SABD0002000026","AAV2.0.0.13","4.0.0.2353","PSt7-10","221103-017","5/25/2023 1:31:44 PM","0000-00","0","no battery","V","353819","µV","","µV"
"06/13/2023","13:46:49","8","default","139783136","OXY_CH8","3.699","min","78.438","μmol/L","Humid","21.820","deg","143068","µV","30.229","°C","1017.000","hPa","0.0","pmil","0","55.292","deg","20.000","°C","100.000","μmol/L","21.658","deg","20.000","°C","1013.000","hPa","0.825","-0.013","0.000365","-0.00015","0","10","Humid","29.05","0","27.30","277740.33","SABD0002000026","AAV2.0.0.13","4.0.0.2353","PSt7-10","221103-017","5/25/2023 1:31:44 PM","0000-00","0","no battery","V","353819","µV","","µV"
"06/13/2023","13:46:52","8","default","139783136","OXY_CH8","3.749","min","78.452","μmol/L","Humid","21.818","deg","143066","µV","30.229","°C","1017.000","hPa","0.0","pmil","0","55.292","deg","20.000","°C","100.000","μmol/L","21.658","deg","20.000","°C","1013.000","hPa","0.825","-0.013","0.000365","-0.00015","0","10","Humid","29.05","0","27.30","277738.23","SABD0002000026","AAV2.0.0.13","4.0.0.2353","PSt7-10","221103-017","5/25/2023 1:31:44 PM","0000-00","0","no battery","V","353819","µV","","µV"
"06/13/2023","13:46:55","8","default","139783136","OXY_CH8","3.800","min","78.448","μmol/L","Humid","21.817","deg","143077","µV","30.235","°C","1017.000","hPa","0.0","pmil","0","55.292","deg","20.000","°C","100.000","μmol/L","21.658","deg","20.000","°C","1013.000","hPa","0.825","-0.013","0.000365","-0.00015","0","10","Humid","29.05","0","27.30","277745.35","SABD0002000026","AAV2.0.0.13","4.0.0.2353","PSt7-10","221103-017","5/25/2023 1:31:44 PM","0000-00","0","no battery","V","353819","µV","","µV"
"06/13/2023","13:46:58","8","default","139783136","OXY_CH8","3.849","min","78.445","μmol/L","Humid","21.819","deg","143082","µV","30.229","°C","1017.000","hPa","0.0","pmil","0","55.292","deg","20.000","°C","100.000","μmol/L","21.658","deg","20.000","°C","1013.000","hPa","0.825","-0.013","0.000365","-0.00015","0","10","Humid","29.05","0","27.30","277741.35","SABD0002000026","AAV2.0.0.13","4.0.0.2353","PSt7-10","221103-017","5/25/2023 1:31:44 PM","0000-00","0","no battery","V","353819","µV","","µV"
"06/13/2023","13:47:01","8","default","139783136","OXY_CH8","3.899","min","78.442","μmol/L","Humid","21.821","deg","143078","µV","30.223","°C","1017.000","hPa","0.0","pmil","0","55.292","deg","20.000","°C","100.000","μmol/L","21.658","deg","20.000","°C","1013.000","hPa","0.825","-0.013","0.000365","-0.00015","0","10","Humid","29.05","0","27.30","277723.46","SABD0002000026","AAV2.0.0.13","4.0.0.2353","PSt7-10","221103-017","5/25/2023 1:31:44 PM","0000-00","0","no battery","V","353819","µV","","µV"
"06/13/2023","13:47:04","8","default","139783136","OXY_CH8","3.949","min","78.415","μmol/L","Humid","21.825","deg","143090","µV","30.223","°C","1017.000","hPa","0.0","pmil","0","55.292","deg","20.000","°C","100.000","μmol/L","21.658","deg","20.000","°C","1013.000","hPa","0.825","-0.013","0.000365","-0.00015","0","10","Humid","29.05","0","27.30","277728.50","SABD0002000026","AAV2.0.0.13","4.0.0.2353","PSt7-10","221103-017","5/25/2023 1:31:44 PM","0000-00","0","no battery","V","353819","µV","","µV"
"06/13/2023","13:47:07","8","default","139783136","OXY_CH8","3.999","min","78.421","μmol/L","Humid","21.824","deg","143095","µV","30.223","°C","1017.000","hPa","0.0","pmil","0","55.292","deg","20.000","°C","100.000","μmol/L","21.658","deg","20.000","°C","1013.000","hPa","0.825","-0.013","0.000365","-0.00015","0","10","Humid","29.05","0","27.30","277724.00","SABD0002000026","AAV2.0.0.13","4.0.0.2353","PSt7-10","221103-017","5/25/2023 1:31:44 PM","0000-00","0","no battery","V","353819","µV","","µV"
"06/13/2023","13:47:10","8","default","139783136","OXY_CH8","4.049","min","78.415","μmol/L","Humid","21.825","deg","143098","µV","30.223","°C","1017.000","hPa","0.0","pmil","0","55.292","deg","20.000","°C","100.000","μmol/L","21.658","deg","20.000","°C","1013.000","hPa","0.825","-0.013","0.000365","-0.00015","0","10","Humid","29.05","0","27.30","277720.10","SABD0002000026","AAV2.0.0.13","4.0.0.2353","PSt7-10","221103-017","5/25/2023 1:31:44 PM","0000-00","0","no battery","V","353819","µV","","µV"
"06/13/2023","13:47:13","8","default","139783136","OXY_CH8","4.098","min","78.411","μmol/L","Humid","21.827","deg","143105","µV","30.217","°C","1017.000","hPa","0.0","pmil","0","55.292","deg","20.000","°C","100.000","μmol/L","21.658","deg","20.000","°C","1013.000","hPa","0.825","-0.013","0.000365","-0.00015","0","10","Humid","29.05","0","27.30","277724.29","SABD0002000026","AAV2.0.0.13","4.0.0.2353","PSt7-10","221103-017","5/25/2023 1:31:44 PM","0000-00","0","no battery","V","353819","µV","","µV"
"06/13/2023","13:47:16","8","default","139783136","OXY_CH8","4.149","min","78.408","μmol/L","Humid","21.826","deg","143108","µV","30.223","°C","1017.000","hPa","0.0","pmil","0","55.292","deg","20.000","°C","100.000","μmol/L","21.658","deg","20.000","°C","1013.000","hPa","0.825","-0.013","0.000365","-0.00015","0","10","Humid","29.05","0","27.30","277710.72","SABD0002000026","AAV2.0.0.13","4.0.0.2353","PSt7-10","221103-017","5/25/2023 1:31:44 PM","0000-00","0","no battery","V","353819","µV","","µV"
"06/13/2023","13:47:19","8","default","139783136","OXY_CH8","4.199","min","78.415","μmol/L","Humid","21.828","deg","143116","µV","30.210","°C","1017.000","hPa","0.0","pmil","0","55.292","deg","20.000","°C","100.000","μmol/L","21.658","deg","20.000","°C","1013.000","hPa","0.825","-0.013","0.000365","-0.00015","0","10","Humid","29.05","0","27.30","277704.47","SABD0002000026","AAV2.0.0.13","4.0.0.2353","PSt7-10","221103-017","5/25/2023 1:31:44 PM","0000-00","0","no battery","V","353819","µV","","µV"
"06/13/2023","13:47:22","8","default","139783136","OXY_CH8","4.249","min","78.432","μmol/L","Humid","21.824","deg","143118","µV","30.217","°C","1017.000","hPa","0.0","pmil","0","55.292","deg","20.000","°C","100.000","μmol/L","21.658","deg","20.000","°C","1013.000","hPa","0.825","-0.013","0.000365","-0.00015","0","10","Humid","29.05","0","27.30","277704.75","SABD0002000026","AAV2.0.0.13","4.0.0.2353","PSt7-10","221103-017","5/25/2023 1:31:44 PM","0000-00","0","no battery","V","353819","µV","","µV"
"06/13/2023","13:47:25","8","default","139783136","OXY_CH8","4.299","min","78.377","μmol/L","Humid","21.832","deg","143123","µV","30.217","°C","1017.000","hPa","0.0","pmil","0","55.292","deg","20.000","°C","100.000","μmol/L","21.658","deg","20.000","°C","1013.000","hPa","0.825","-0.013","0.000365","-0.00015","0","10","Humid","29.05","0","27.30","277707.36","SABD0002000026","AAV2.0.0.13","4.0.0.2353","PSt7-10","221103-017","5/25/2023 1:31:44 PM","0000-00","0","no battery","V","353819","µV","","µV"
"06/13/2023","13:47:28","8","default","139783136","OXY_CH8","4.349","min","78.408","μmol/L","Humid","21.829","deg","143130","µV","30.210","°C","1017.000","hPa","0.0","pmil","0","55.292","deg","20.000","°C","100.000","μmol/L","21.658","deg","20.000","°C","1013.000","hPa","0.825","-0.013","0.000365","-0.00015","0","10","Humid","29.05","0","27.30","277713.95","SABD0002000026","AAV2.0.0.13","4.0.0.2353","PSt7-10","221103-017","5/25/2023 1:31:44 PM","0000-00","0","no battery","V","353819","µV","","µV"
"06/13/2023","13:47:31","8","default","139783136","OXY_CH8","4.399","min","78.394","μmol/L","Humid","21.831","deg","143133","µV","30.210","°C","1017.000","hPa","0.0","pmil","0","55.292","deg","20.000","°C","100.000","μmol/L","21.658","deg","20.000","°C","1013.000","hPa","0.825","-0.013","0.000365","-0.00015","0","10","Humid","29.05","0","27.30","277696.01","SABD0002000026","AAV2.0.0.13","4.0.0.2353","PSt7-10","221103-017","5/25/2023 1:31:44 PM","0000-00","0","no battery","V","353819","µV","","µV"
"06/13/2023","13:47:34","8","default","139783136","OXY_CH8","4.449","min","78.360","μmol/L","Humid","21.833","deg","143141","µV","30.223","°C","1017.000","hPa","0.0","pmil","0","55.292","deg","20.000","°C","100.000","μmol/L","21.658","deg","20.000","°C","1013.000","hPa","0.825","-0.013","0.000365","-0.00015","0","10","Humid","29.05","0","27.30","277699.97","SABD0002000026","AAV2.0.0.13","4.0.0.2353","PSt7-10","221103-017","5/25/2023 1:31:44 PM","0000-00","0","no battery","V","353819","µV","","µV"
"06/13/2023","13:47:37","8","default","139783136","OXY_CH8","4.499","min","78.357","μmol/L","Humid","21.836","deg","143150","µV","30.210","°C","1016.000","hPa","0.0","pmil","0","55.292","deg","20.000","°C","100.000","μmol/L","21.658","deg","20.000","°C","1013.000","hPa","0.825","-0.013","0.000365","-0.00015","0","10","Humid","29.05","0","27.30","277701.15","SABD0002000026","AAV2.0.0.13","4.0.0.2353","PSt7-10","221103-017","5/25/2023 1:31:44 PM","0000-00","0","no battery","V","353819","µV","","µV"
"06/13/2023","13:47:40","8","default","139783136","OXY_CH8","4.549","min","78.347","μmol/L","Humid","21.836","deg","143156","µV","30.217","°C","1016.000","hPa","0.0","pmil","0","55.292","deg","20.000","°C","100.000","μmol/L","21.658","deg","20.000","°C","1013.000","hPa","0.825","-0.013","0.000365","-0.00015","0","10","Humid","29.05","0","27.30","277689.15","SABD0002000026","AAV2.0.0.13","4.0.0.2353","PSt7-10","221103-017","5/25/2023 1:31:44 PM","0000-00","0","no battery","V","353819","µV","","µV"
"06/13/2023","13:47:43","8","default","139783136","OXY_CH8","4.599","min","78.350","μmol/L","Humid","21.837","deg","143148","µV","30.210","°C","1016.000","hPa","0.0","pmil","0","55.292","deg","20.000","°C","100.000","μmol/L","21.658","deg","20.000","°C","1013.000","hPa","0.825","-0.013","0.000365","-0.00015","0","10","Humid","29.05","0","27.30","277698.36","SABD0002000026","AAV2.0.0.13","4.0.0.2353","PSt7-10","221103-017","5/25/2023 1:31:44 PM","0000-00","0","no battery","V","353819","µV","","µV"
"06/13/2023","13:47:46","8","default","139783136","OXY_CH8","4.649","min","78.387","μmol/L","Humid","21.835","deg","143158","µV","30.198","°C","1017.000","hPa","0.0","pmil","0","55.292","deg","20.000","°C","100.000","μmol/L","21.658","deg","20.000","°C","1013.000","hPa","0.825","-0.013","0.000365","-0.00015","0","10","Humid","29.05","0","27.30","277689.17","SABD0002000026","AAV2.0.0.13","4.0.0.2353","PSt7-10","221103-017","5/25/2023 1:31:44 PM","0000-00","0","no battery","V","353819","µV","","µV"
"06/13/2023","13:47:49","8","default","139783136","OXY_CH8","4.699","min","78.357","μmol/L","Humid","21.836","deg","143166","µV","30.210","°C","1016.000","hPa","0.0","pmil","0","55.292","deg","20.000","°C","100.000","μmol/L","21.658","deg","20.000","°C","1013.000","hPa","0.825","-0.013","0.000365","-0.00015","0","10","Humid","29.05","0","27.30","277688.41","SABD0002000026","AAV2.0.0.13","4.0.0.2353","PSt7-10","221103-017","5/25/2023 1:31:44 PM","0000-00","0","no battery","V","353819","µV","","µV"
"06/13/2023","13:47:52","8","default","139783136","OXY_CH8","4.749","min","78.354","μmol/L","Humid","21.838","deg","143172","µV","30.204","°C","1016.000","hPa","0.0","pmil","0","55.292","deg","20.000","°C","100.000","μmol/L","21.658","deg","20.000","°C","1013.000","hPa","0.825","-0.013","0.000365","-0.00015","0","10","Humid","29.05","0","27.30","277681.88","SABD0002000026","AAV2.0.0.13","4.0.0.2353","PSt7-10","221103-017","5/25/2023 1:31:44 PM","0000-00","0","no battery","V","353819","µV","","µV"
"06/13/2023","13:47:55","8","default","139783136","OXY_CH8","4.799","min","78.327","μmol/L","Humid","21.841","deg","143183","µV","30.210","°C","1017.000","hPa","0.0","pmil","0","55.292","deg","20.000","°C","100.000","μmol/L","21.658","deg","20.000","°C","1013.000","hPa","0.825","-0.013","0.000365","-0.00015","0","10","Humid","29.05","0","27.30","277691.30","SABD0002000026","AAV2.0.0.13","4.0.0.2353","PSt7-10","221103-017","5/25/2023 1:31:44 PM","0000-00","0","no battery","V","353819","µV","","µV"
"06/13/2023","13:47:58","8","default","139783136","OXY_CH8","4.850","min","78.333","μmol/L","Humid","21.843","deg","143187","µV","30.198","°C","1017.000","hPa","0.0","pmil","0","55.292","deg","20.000","°C","100.000","μmol/L","21.658","deg","20.000","°C","1013.000","hPa","0.825","-0.013","0.000365","-0.00015","0","10","Humid","29.05","0","27.30","277681.26","SABD0002000026","AAV2.0.0.13","4.0.0.2353","PSt7-10","221103-017","5/25/2023 1:31:44 PM","0000-00","0","no battery","V","353819","µV","","µV"
"06/13/2023","13:48:01","8","default","139783136","OXY_CH8","4.899","min","78.316","μmol/L","Humid","21.844","deg","143190","µV","30.204","°C","1017.000","hPa","0.0","pmil","0","55.292","deg","20.000","°C","100.000","μmol/L","21.658","deg","20.000","°C","1013.000","hPa","0.825","-0.013","0.000365","-0.00015","0","10","Humid","29.05","0","27.30","277672.12","SABD0002000026","AAV2.0.0.13","4.0.0.2353","PSt7-10","221103-017","5/25/2023 1:31:44 PM","0000-00","0","no battery","V","353819","µV","","µV"
"06/13/2023","13:48:04","8","default","139783136","OXY_CH8","4.949","min","78.364","μmol/L","Humid","21.840","deg","143192","µV","30.192","°C","1017.000","hPa","0.0","pmil","0","55.292","deg","20.000","°C","100.000","μmol/L","21.658","deg","20.000","°C","1013.000","hPa","0.825","-0.013","0.000365","-0.00015","0","10","Humid","29.05","0","27.30","277662.24","SABD0002000026","AAV2.0.0.13","4.0.0.2353","PSt7-10","221103-017","5/25/2023 1:31:44 PM","0000-00","0","no battery","V","353819","µV","","µV"
"06/13/2023","13:48:07","8","default","139783136","OXY_CH8","4.999","min","78.344","μmol/L","Humid","21.843","deg","143204","µV","30.192","°C","1017.000","hPa","0.0","pmil","0","55.292","deg","20.000","°C","100.000","μmol/L","21.658","deg","20.000","°C","1013.000","hPa","0.825","-0.013","0.000365","-0.00015","0","10","Humid","29.05","0","27.30","277669.76","SABD0002000026","AAV2.0.0.13","4.0.0.2353","PSt7-10","221103-017","5/25/2023 1:31:44 PM","0000-00","0","no battery","V","353819","µV","","µV"
"06/13/2023","13:48:10","8","default","139783136","OXY_CH8","5.049","min","78.347","μmol/L","Humid","21.841","deg","143202","µV","30.198","°C","1017.000","hPa","0.0","pmil","0","55.292","deg","20.000","°C","100.000","μmol/L","21.658","deg","20.000","°C","1013.000","hPa","0.825","-0.013","0.000365","-0.00015","0","10","Humid","29.05","0","27.30","277663.95","SABD0002000026","AAV2.0.0.13","4.0.0.2353","PSt7-10","221103-017","5/25/2023 1:31:44 PM","0000-00","0","no battery","V","353819","µV","","µV"
"06/13/2023","13:48:13","8","default","139783136","OXY_CH8","5.099","min","78.313","μmol/L","Humid","21.846","deg","143205","µV","30.198","°C","1017.000","hPa","0.0","pmil","0","55.292","deg","20.000","°C","100.000","μmol/L","21.658","deg","20.000","°C","1013.000","hPa","0.825","-0.013","0.000365","-0.00015","0","10","Humid","29.05","0","27.30","277659.15","SABD0002000026","AAV2.0.0.13","4.0.0.2353","PSt7-10","221103-017","5/25/2023 1:31:44 PM","0000-00","0","no battery","V","353819","µV","","µV"
"06/13/2023","13:48:16","8","default","139783136","OXY_CH8","5.149","min","78.327","μmol/L","Humid","21.847","deg","143207","µV","30.186","°C","1017.000","hPa","0.0","pmil","0","55.292","deg","20.000","°C","100.000","μmol/L","21.658","deg","20.000","°C","1013.000","hPa","0.825","-0.013","0.000365","-0.00015","0","10","Humid","29.05","0","27.30","277657.93","SABD0002000026","AAV2.0.0.13","4.0.0.2353","PSt7-10","221103-017","5/25/2023 1:31:44 PM","0000-00","0","no battery","V","353819","µV","","µV"
"06/13/2023","13:48:19","8","default","139783136","OXY_CH8","5.199","min","78.293","μmol/L","Humid","21.849","deg","143217","µV","30.198","°C","1017.000","hPa","0.0","pmil","0","55.292","deg","20.000","°C","100.000","μmol/L","21.658","deg","20.000","°C","1013.000","hPa","0.825","-0.013","0.000365","-0.00015","0","10","Humid","29.05","0","27.30","277656.50","SABD0002000026","AAV2.0.0.13","4.0.0.2353","PSt7-10","221103-017","5/25/2023 1:31:44 PM","0000-00","0","no battery","V","353819","µV","","µV"
"06/13/2023","13:48:22","8","default","139783136","OXY_CH8","5.249","min","78.283","μmol/L","Humid","21.849","deg","143215","µV","30.204","°C","1017.000","hPa","0.0","pmil","0","55.292","deg","20.000","°C","100.000","μmol/L","21.658","deg","20.000","°C","1013.000","hPa","0.825","-0.013","0.000365","-0.00015","0","10","Humid","29.05","0","27.30","277652.43","SABD0002000026","AAV2.0.0.13","4.0.0.2353","PSt7-10","221103-017","5/25/2023 1:31:44 PM","0000-00","0","no battery","V","353819","µV","","µV"
"06/13/2023","13:48:25","8","default","139783136","OXY_CH8","5.299","min","78.310","μmol/L","Humid","21.848","deg","143227","µV","30.192","°C","1017.000","hPa","0.0","pmil","0","55.292","deg","20.000","°C","100.000","μmol/L","21.658","deg","20.000","°C","1013.000","hPa","0.825","-0.013","0.000365","-0.00015","0","10","Humid","29.05","0","27.30","277660.42","SABD0002000026","AAV2.0.0.13","4.0.0.2353","PSt7-10","221103-017","5/25/2023 1:31:44 PM","0000-00","0","no battery","V","353819","µV","","µV"
"06/13/2023","13:48:28","8","default","139783136","OXY_CH8","5.349","min","78.283","μmol/L","Humid","21.852","deg","143213","µV","30.192","°C","1017.000","hPa","0.0","pmil","0","55.292","deg","20.000","°C","100.000","μmol/L","21.658","deg","20.000","°C","1013.000","hPa","0.825","-0.013","0.000365","-0.00015","0","10","Humid","29.05","0","27.30","277649.55","SABD0002000026","AAV2.0.0.13","4.0.0.2353","PSt7-10","221103-017","5/25/2023 1:31:44 PM","0000-00","0","no battery","V","353819","µV","","µV"
"06/13/2023","13:48:31","8","default","139783136","OXY_CH8","5.399","min","78.300","μmol/L","Humid","21.851","deg","143231","µV","30.186","°C","1017.000","hPa","0.0","pmil","0","55.292","deg","20.000","°C","100.000","μmol/L","21.658","deg","20.000","°C","1013.000","hPa","0.825","-0.013","0.000365","-0.00015","0","10","Humid","29.05","0","27.30","277648.68","SABD0002000026","AAV2.0.0.13","4.0.0.2353","PSt7-10","221103-017","5/25/2023 1:31:44 PM","0000-00","0","no battery","V","353819","µV","","µV"
"06/13/2023","13:48:34","8","default","139783136","OXY_CH8","5.449","min","78.296","μmol/L","Humid","21.850","deg","143237","µV","30.192","°C","1017.000","hPa","0.0","pmil","0","55.292","deg","20.000","°C","100.000","μmol/L","21.658","deg","20.000","°C","1013.000","hPa","0.825","-0.013","0.000365","-0.00015","0","10","Humid","29.05","0","27.30","277655.76","SABD0002000026","AAV2.0.0.13","4.0.0.2353","PSt7-10","221103-017","5/25/2023 1:31:44 PM","0000-00","0","no battery","V","353819","µV","","µV"
"06/13/2023","13:48:37","8","default","139783136","OXY_CH8","5.499","min","78.300","μmol/L","Humid","21.851","deg","143233","µV","30.186","°C","1017.000","hPa","0.0","pmil","0","55.292","deg","20.000","°C","100.000","μmol/L","21.658","deg","20.000","°C","1013.000","hPa","0.825","-0.013","0.000365","-0.00015","0","10","Humid","29.05","0","27.30","277649.81","SABD0002000026","AAV2.0.0.13","4.0.0.2353","PSt7-10","221103-017","5/25/2023 1:31:44 PM","0000-00","0","no battery","V","353819","µV","","µV"
"06/13/2023","13:48:40","8","default","139783136","OXY_CH8","5.549","min","78.273","μmol/L","Humid","21.855","deg","143249","µV","30.186","°C","1017.000","hPa","0.0","pmil","0","55.292","deg","20.000","°C","100.000","μmol/L","21.658","deg","20.000","°C","1013.000","hPa","0.825","-0.013","0.000365","-0.00015","0","10","Humid","29.05","0","27.30","277643.69","SABD0002000026","AAV2.0.0.13","4.0.0.2353","PSt7-10","221103-017","5/25/2023 1:31:44 PM","0000-00","0","no battery","V","353819","µV","","µV"
"06/13/2023","13:48:43","8","default","139783136","OXY_CH8","5.599","min","78.293","μmol/L","Humid","21.852","deg","143243","µV","30.186","°C","1017.000","hPa","0.0","pmil","0","55.292","deg","20.000","°C","100.000","μmol/L","21.658","deg","20.000","°C","1013.000","hPa","0.825","-0.013","0.000365","-0.00015","0","10","Humid","29.05","0","27.30","277640.84","SABD0002000026","AAV2.0.0.13","4.0.0.2353","PSt7-10","221103-017","5/25/2023 1:31:44 PM","0000-00","0","no battery","V","353819","µV","","µV"
"06/13/2023","13:48:46","8","default","139783136","OXY_CH8","5.649","min","78.310","μmol/L","Humid","21.851","deg","143243","µV","30.180","°C","1017.000","hPa","0.0","pmil","0","55.292","deg","20.000","°C","100.000","μmol/L","21.658","deg","20.000","°C","1013.000","hPa","0.825","-0.013","0.000365","-0.00015","0","10","Humid","29.05","0","27.30","277637.25","SABD0002000026","AAV2.0.0.13","4.0.0.2353","PSt7-10","221103-017","5/25/2023 1:31:44 PM","0000-00","0","no battery","V","353819","µV","","µV"
"06/13/2023","13:48:49","8","default","139783136","OXY_CH8","5.699","min","78.283","μmol/L","Humid","21.855","deg","143247","µV","30.180","°C","1017.000","hPa","0.0","pmil","0","55.292","deg","20.000","°C","100.000","μmol/L","21.658","deg","20.000","°C","1013.000","hPa","0.825","-0.013","0.000365","-0.00015","0","10","Humid","29.05","0","27.30","277632.77","SABD0002000026","AAV2.0.0.13","4.0.0.2353","PSt7-10","221103-017","5/25/2023 1:31:44 PM","0000-00","0","no battery","V","353819","µV","","µV"
"06/13/2023","13:48:52","8","default","139783136","OXY_CH8","5.749","min","78.266","μmol/L","Humid","21.856","deg","143254","µV","30.186","°C","1017.000","hPa","0.0","pmil","0","55.292","deg","20.000","°C","100.000","μmol/L","21.658","deg","20.000","°C","1013.000","hPa","0.825","-0.013","0.000365","-0.00015","0","10","Humid","29.05","0","27.30","277635.23","SABD0002000026","AAV2.0.0.13","4.0.0.2353","PSt7-10","221103-017","5/25/2023 1:31:44 PM","0000-00","0","no battery","V","353819","µV","","µV"
"06/13/2023","13:48:55","8","default","139783136","OXY_CH8","5.799","min","78.256","μmol/L","Humid","21.859","deg","143252","µV","30.180","°C","1017.000","hPa","0.0","pmil","0","55.292","deg","20.000","°C","100.000","μmol/L","21.658","deg","20.000","°C","1013.000","hPa","0.825","-0.013","0.000365","-0.00015","0","10","Humid","29.05","0","27.30","277635.01","SABD0002000026","AAV2.0.0.13","4.0.0.2353","PSt7-10","221103-017","5/25/2023 1:31:44 PM","0000-00","0","no battery","V","353819","µV","","µV"
"06/13/2023","13:48:58","8","default","139783136","OXY_CH8","5.849","min","78.262","μmol/L","Humid","21.858","deg","143256","µV","30.180","°C","1017.000","hPa","0.0","pmil","0","55.292","deg","20.000","°C","100.000","μmol/L","21.658","deg","20.000","°C","1013.000","hPa","0.825","-0.013","0.000365","-0.00015","0","10","Humid","29.05","0","27.30","277632.34","SABD0002000026","AAV2.0.0.13","4.0.0.2353","PSt7-10","221103-017","5/25/2023 1:31:44 PM","0000-00","0","no battery","V","353819","µV","","µV"
"06/13/2023","13:49:01","8","default","139783136","OXY_CH8","5.899","min","78.276","μmol/L","Humid","21.856","deg","143253","µV","30.180","°C","1017.000","hPa","0.0","pmil","0","55.292","deg","20.000","°C","100.000","μmol/L","21.658","deg","20.000","°C","1013.000","hPa","0.825","-0.013","0.000365","-0.00015","0","10","Humid","29.05","0","27.30","277626.07","SABD0002000026","AAV2.0.0.13","4.0.0.2353","PSt7-10","221103-017","5/25/2023 1:31:44 PM","0000-00","0","no battery","V","353819","µV","","µV"
"06/13/2023","13:49:04","8","default","139783136","OXY_CH8","5.949","min","78.276","μmol/L","Humid","21.859","deg","143265","µV","30.168","°C","1017.000","hPa","0.0","pmil","0","55.292","deg","20.000","°C","100.000","μmol/L","21.658","deg","20.000","°C","1013.000","hPa","0.825","-0.013","0.000365","-0.00015","0","10","Humid","29.05","0","27.30","277639.57","SABD0002000026","AAV2.0.0.13","4.0.0.2353","PSt7-10","221103-017","5/25/2023 1:31:44 PM","0000-00","0","no battery","V","353819","µV","","µV"
"06/13/2023","13:49:07","8","default","139783136","OXY_CH8","5.999","min","78.266","μmol/L","Humid","21.859","deg","143262","µV","30.174","°C","1017.000","hPa","0.0","pmil","0","55.292","deg","20.000","°C","100.000","μmol/L","21.658","deg","20.000","°C","1013.000","hPa","0.825","-0.013","0.000365","-0.00015","0","10","Humid","29.05","0","27.30","277616.16","SABD0002000026","AAV2.0.0.13","4.0.0.2353","PSt7-10","221103-017","5/25/2023 1:31:44 PM","0000-00","0","no battery","V","353819","µV","","µV"
"06/13/2023","13:49:10","8","default","139783136","OXY_CH8","6.049","min","78.256","μmol/L","Humid","21.859","deg","143260","µV","30.180","°C","1017.000","hPa","0.0","pmil","0","55.292","deg","20.000","°C","100.000","μmol/L","21.658","deg","20.000","°C","1013.000","hPa","0.825","-0.013","0.000365","-0.00015","0","10","Humid","29.05","0","27.30","277621.12","SABD0002000026","AAV2.0.0.13","4.0.0.2353","PSt7-10","221103-017","5/25/2023 1:31:44 PM","0000-00","0","no battery","V","353819","µV","","µV"
"06/13/2023","13:49:13","8","default","139783136","OXY_CH8","6.099","min","78.252","μmol/L","Humid","21.861","deg","143256","µV","30.174","°C","1017.000","hPa","0.0","pmil","0","55.292","deg","20.000","°C","100.000","μmol/L","21.658","deg","20.000","°C","1013.000","hPa","0.825","-0.013","0.000365","-0.00015","0","10","Humid","29.05","0","27.30","277609.64","SABD0002000026","AAV2.0.0.13","4.0.0.2353","PSt7-10","221103-017","5/25/2023 1:31:44 PM","0000-00","0","no battery","V","353819","µV","","µV"
"06/13/2023","13:49:16","8","default","139783136","OXY_CH8","6.149","min","78.249","μmol/L","Humid","21.863","deg","143265","µV","30.168","°C","1017.000","hPa","0.0","pmil","0","55.292","deg","20.000","°C","100.000","μmol/L","21.658","deg","20.000","°C","1013.000","hPa","0.825","-0.013","0.000365","-0.00015","0","10","Humid","29.05","0","27.30","277616.92","SABD0002000026","AAV2.0.0.13","4.0.0.2353","PSt7-10","221103-017","5/25/2023 1:31:44 PM","0000-00","0","no battery","V","353819","µV","","µV"
"06/13/2023","13:49:19","8","default","139783136","OXY_CH8","6.199","min","78.279","μmol/L","Humid","21.860","deg","143270","µV","30.161","°C","1017.000","hPa","0.0","pmil","0","55.292","deg","20.000","°C","100.000","μmol/L","21.658","deg","20.000","°C","1013.000","hPa","0.825","-0.013","0.000365","-0.00015","0","10","Humid","29.05","0","27.30","277628.67","SABD0002000026","AAV2.0.0.13","4.0.0.2353","PSt7-10","221103-017","5/25/2023 1:31:44 PM","0000-00","0","no battery","V","353819","µV","","µV"
"06/13/2023","13:49:22","8","default","139783136","OXY_CH8","6.249","min","78.279","μmol/L","Humid","21.860","deg","143272","µV","30.161","°C","1017.000","hPa","0.0","pmil","0","55.292","deg","20.000","°C","100.000","μmol/L","21.658","deg","20.000","°C","1013.000","hPa","0.825","-0.013","0.000365","-0.00015","0","10","Humid","29.05","0","27.30","277608.05","SABD0002000026","AAV2.0.0.13","4.0.0.2353","PSt7-10","221103-017","5/25/2023 1:31:44 PM","0000-00","0","no battery","V","353819","µV","","µV"
"06/13/2023","13:49:25","8","default","139783136","OXY_CH8","6.299","min","78.262","μmol/L","Humid","21.861","deg","143276","µV","30.168","°C","1017.000","hPa","0.0","pmil","0","55.292","deg","20.000","°C","100.000","μmol/L","21.658","deg","20.000","°C","1013.000","hPa","0.825","-0.013","0.000365","-0.00015","0","10","Humid","29.05","0","27.30","277601.73","SABD0002000026","AAV2.0.0.13","4.0.0.2353","PSt7-10","221103-017","5/25/2023 1:31:44 PM","0000-00","0","no battery","V","353819","µV","","µV"
"06/13/2023","13:49:28","8","default","139783136","OXY_CH8","6.349","min","78.266","μmol/L","Humid","21.862","deg","143270","µV","30.161","°C","1017.000","hPa","0.0","pmil","0","55.292","deg","20.000","°C","100.000","μmol/L","21.658","deg","20.000","°C","1013.000","hPa","0.825","-0.013","0.000365","-0.00015","0","10","Humid","29.05","0","27.30","277612.69","SABD0002000026","AAV2.0.0.13","4.0.0.2353","PSt7-10","221103-017","5/25/2023 1:31:44 PM","0000-00","0","no battery","V","353819","µV","","µV"
"06/13/2023","13:49:31","8","default","139783136","OXY_CH8","6.399","min","78.246","μmol/L","Humid","21.865","deg","143274","µV","30.161","°C","1017.000","hPa","0.0","pmil","0","55.292","deg","20.000","°C","100.000","μmol/L","21.658","deg","20.000","°C","1013.000","hPa","0.825","-0.013","0.000365","-0.00015","0","10","Humid","29.05","0","27.30","277602.86","SABD0002000026","AAV2.0.0.13","4.0.0.2353","PSt7-10","221103-017","5/25/2023 1:31:44 PM","0000-00","0","no battery","V","353819","µV","","µV"
"06/13/2023","13:49:34","8","default","139783136","OXY_CH8","6.449","min","78.262","μmol/L","Humid","21.864","deg","143280","µV","30.155","°C","1017.000","hPa","0.0","pmil","0","55.292","deg","20.000","°C","100.000","μmol/L","21.658","deg","20.000","°C","1013.000","hPa","0.825","-0.013","0.000365","-0.00015","0","10","Humid","29.05","0","27.30","277605.40","SABD0002000026","AAV2.0.0.13","4.0.0.2353","PSt7-10","221103-017","5/25/2023 1:31:44 PM","0000-00","0","no battery","V","353819","µV","","µV"
"06/13/2023","13:49:37","8","default","139783136","OXY_CH8","6.499","min","78.249","μmol/L","Humid","21.866","deg","143274","µV","30.155","°C","1017.000","hPa","0.0","pmil","0","55.292","deg","20.000","°C","100.000","μmol/L","21.658","deg","20.000","°C","1013.000","hPa","0.825","-0.013","0.000365","-0.00015","0","10","Humid","29.05","0","27.30","277596.54","SABD0002000026","AAV2.0.0.13","4.0.0.2353","PSt7-10","221103-017","5/25/2023 1:31:44 PM","0000-00","0","no battery","V","353819","µV","","µV"
"06/13/2023","13:49:40","8","default","139783136","OXY_CH8","6.549","min","78.242","μmol/L","Humid","21.864","deg","143274","µV","30.168","°C","1017.000","hPa","0.0","pmil","0","55.292","deg","20.000","°C","100.000","μmol/L","21.658","deg","20.000","°C","1013.000","hPa","0.825","-0.013","0.000365","-0.00015","0","10","Humid","29.05","0","27.30","277582.94","SABD0002000026","AAV2.0.0.13","4.0.0.2353","PSt7-10","221103-017","5/25/2023 1:31:44 PM","0000-00","0","no battery","V","353819","µV","","µV"
"06/13/2023","13:49:43","8","default","139783136","OXY_CH8","6.599","min","78.232","μmol/L","Humid","21.867","deg","143277","µV","30.161","°C","1017.000","hPa","0.0","pmil","0","55.292","deg","20.000","°C","100.000","μmol/L","21.658","deg","20.000","°C","1013.000","hPa","0.825","-0.013","0.000365","-0.00015","0","10","Humid","29.05","0","27.30","277591.85","SABD0002000026","AAV2.0.0.13","4.0.0.2353","PSt7-10","221103-017","5/25/2023 1:31:44 PM","0000-00","0","no battery","V","353819","µV","","µV"
"06/13/2023","13:49:46","8","default","139783136","OXY_CH8","6.649","min","78.249","μmol/L","Humid","21.866","deg","143283","µV","30.155","°C","1017.000","hPa","0.0","pmil","0","55.292","deg","20.000","°C","100.000","μmol/L","21.658","deg","20.000","°C","1013.000","hPa","0.825","-0.013","0.000365","-0.00015","0","10","Humid","29.05","0","27.30","277592.96","SABD0002000026","AAV2.0.0.13","4.0.0.2353","PSt7-10","221103-017","5/25/2023 1:31:44 PM","0000-00","0","no battery","V","353819","µV","","µV"
"06/13/2023","13:49:49","8","default","139783136","OXY_CH8","6.699","min","78.256","μmol/L","Humid","21.865","deg","143283","µV","30.155","°C","1017.000","hPa","0.0","pmil","0","55.292","deg","20.000","°C","100.000","μmol/L","21.658","deg","20.000","°C","1013.000","hPa","0.825","-0.013","0.000365","-0.00015","0","10","Humid","29.05","0","27.30","277593.41","SABD0002000026","AAV2.0.0.13","4.0.0.2353","PSt7-10","221103-017","5/25/2023 1:31:44 PM","0000-00","0","no battery","V","353819","µV","","µV"
"06/13/2023","13:49:52","8","default","139783136","OXY_CH8","6.749","min","78.249","μmol/L","Humid","21.866","deg","143283","µV","30.155","°C","1017.000","hPa","0.0","pmil","0","55.292","deg","20.000","°C","100.000","μmol/L","21.658","deg","20.000","°C","1013.000","hPa","0.825","-0.013","0.000365","-0.00015","0","10","Humid","29.05","0","27.30","277587.25","SABD0002000026","AAV2.0.0.13","4.0.0.2353","PSt7-10","221103-017","5/25/2023 1:31:44 PM","0000-00","0","no battery","V","353819","µV","","µV"
"06/13/2023","13:49:55","8","default","139783136","OXY_CH8","6.799","min","78.262","μmol/L","Humid","21.867","deg","143287","µV","30.143","°C","1017.000","hPa","0.0","pmil","0","55.292","deg","20.000","°C","100.000","μmol/L","21.658","deg","20.000","°C","1013.000","hPa","0.825","-0.013","0.000365","-0.00015","0","10","Humid","29.05","0","27.30","277588.04","SABD0002000026","AAV2.0.0.13","4.0.0.2353","PSt7-10","221103-017","5/25/2023 1:31:44 PM","0000-00","0","no battery","V","353819","µV","","µV"
"06/13/2023","13:49:58","8","default","139783136","OXY_CH8","6.849","min","78.246","μmol/L","Humid","21.868","deg","143285","µV","30.149","°C","1017.000","hPa","0.0","pmil","0","55.292","deg","20.000","°C","100.000","μmol/L","21.658","deg","20.000","°C","1013.000","hPa","0.825","-0.013","0.000365","-0.00015","0","10","Humid","29.05","0","27.30","277583.61","SABD0002000026","AAV2.0.0.13","4.0.0.2353","PSt7-10","221103-017","5/25/2023 1:31:44 PM","0000-00","0","no battery","V","353819","µV","","µV"
"06/13/2023","13:50:01","8","default","139783136","OXY_CH8","6.899","min","78.235","μmol/L","Humid","21.871","deg","143294","µV","30.143","°C","1017.000","hPa","0.0","pmil","0","55.292","deg","20.000","°C","100.000","μmol/L","21.658","deg","20.000","°C","1013.000","hPa","0.825","-0.013","0.000365","-0.00015","0","10","Humid","29.05","0","27.30","277579.22","SABD0002000026","AAV2.0.0.13","4.0.0.2353","PSt7-10","221103-017","5/25/2023 1:31:44 PM","0000-00","0","no battery","V","353819","µV","","µV"
"06/13/2023","13:50:04","8","default","139783136","OXY_CH8","6.949","min","78.229","μmol/L","Humid","21.869","deg","143286","µV","30.155","°C","1017.000","hPa","0.0","pmil","0","55.292","deg","20.000","°C","100.000","μmol/L","21.658","deg","20.000","°C","1013.000","hPa","0.825","-0.013","0.000365","-0.00015","0","10","Humid","29.05","0","27.30","277577.39","SABD0002000026","AAV2.0.0.13","4.0.0.2353","PSt7-10","221103-017","5/25/2023 1:31:44 PM","0000-00","0","no battery","V","353819","µV","","µV"
"06/13/2023","13:50:07","8","default","139783136","OXY_CH8","6.999","min","78.225","μmol/L","Humid","21.871","deg","143288","µV","30.149","°C","1017.000","hPa","0.0","pmil","0","55.292","deg","20.000","°C","100.000","μmol/L","21.658","deg","20.000","°C","1013.000","hPa","0.825","-0.013","0.000365","-0.00015","0","10","Humid","29.05","0","27.30","277584.95","SABD0002000026","AAV2.0.0.13","4.0.0.2353","PSt7-10","221103-017","5/25/2023 1:31:44 PM","0000-00","0","no battery","V","353819","µV","","µV"
"06/13/2023","13:50:10","8","default","139783136","OXY_CH8","7.049","min","78.259","μmol/L","Humid","21.869","deg","143291","µV","30.137","°C","1017.000","hPa","0.0","pmil","0","55.292","deg","20.000","°C","100.000","μmol/L","21.658","deg","20.000","°C","1013.000","hPa","0.825","-0.013","0.000365","-0.00015","0","10","Humid","29.05","0","27.30","277590.73","SABD0002000026","AAV2.0.0.13","4.0.0.2353","PSt7-10","221103-017","5/25/2023 1:31:44 PM","0000-00","0","no battery","V","353819","µV","","µV"
"06/13/2023","13:50:13","8","default","139783136","OXY_CH8","7.099","min","78.249","μmol/L","Humid","21.869","deg","143284","µV","30.143","°C","1017.000","hPa","0.0","pmil","0","55.292","deg","20.000","°C","100.000","μmol/L","21.658","deg","20.000","°C","1013.000","hPa","0.825","-0.013","0.000365","-0.00015","0","10","Humid","29.05","0","27.30","277577.68","SABD0002000026","AAV2.0.0.13","4.0.0.2353","PSt7-10","221103-017","5/25/2023 1:31:44 PM","0000-00","0","no battery","V","353819","µV","","µV"
"06/13/2023","13:50:16","8","default","139783136","OXY_CH8","7.149","min","78.232","μmol/L","Humid","21.870","deg","143295","µV","30.149","°C","1017.000","hPa","0.0","pmil","0","55.292","deg","20.000","°C","100.000","μmol/L","21.658","deg","20.000","°C","1013.000","hPa","0.825","-0.013","0.000365","-0.00015","0","10","Humid","29.05","0","27.30","277589.59","SABD0002000026","AAV2.0.0.13","4.0.0.2353","PSt7-10","221103-017","5/25/2023 1:31:44 PM","0000-00","0","no battery","V","353819","µV","","µV"
"06/13/2023","13:50:19","8","default","139783136","OXY_CH8","7.199","min","78.235","μmol/L","Humid","21.871","deg","143288","µV","30.143","°C","1017.000","hPa","0.0","pmil","0","55.292","deg","20.000","°C","100.000","μmol/L","21.658","deg","20.000","°C","1013.000","hPa","0.825","-0.013","0.000365","-0.00015","0","10","Humid","29.05","0","27.30","277581.98","SABD0002000026","AAV2.0.0.13","4.0.0.2353","PSt7-10","221103-017","5/25/2023 1:31:44 PM","0000-00","0","no battery","V","353819","µV","","µV"
"06/13/2023","13:50:22","8","default","139783136","OXY_CH8","7.249","min","78.242","μmol/L","Humid","21.870","deg","143302","µV","30.143","°C","1017.000","hPa","0.0","pmil","0","55.292","deg","20.000","°C","100.000","μmol/L","21.658","deg","20.000","°C","1013.000","hPa","0.825","-0.013","0.000365","-0.00015","0","10","Humid","29.05","0","27.30","277586.56","SABD0002000026","AAV2.0.0.13","4.0.0.2353","PSt7-10","221103-017","5/25/2023 1:31:44 PM","0000-00","0","no battery","V","353819","µV","","µV"
"06/13/2023","13:50:25","8","default","139783136","OXY_CH8","7.299","min","78.235","μmol/L","Humid","21.871","deg","143300","µV","30.143","°C","1017.000","hPa","0.0","pmil","0","55.292","deg","20.000","°C","100.000","μmol/L","21.658","deg","20.000","°C","1013.000","hPa","0.825","-0.013","0.000365","-0.00015","0","10","Humid","29.05","0","27.30","277585.74","SABD0002000026","AAV2.0.0.13","4.0.0.2353","PSt7-10","221103-017","5/25/2023 1:31:44 PM","0000-00","0","no battery","V","353819","µV","","µV"
"06/13/2023","13:50:28","8","default","139783136","OXY_CH8","7.349","min","78.246","μmol/L","Humid","21.871","deg","143291","µV","30.137","°C","1017.000","hPa","0.0","pmil","0","55.292","deg","20.000","°C","100.000","μmol/L","21.658","deg","20.000","°C","1013.000","hPa","0.825","-0.013","0.000365","-0.00015","0","10","Humid","29.05","0","27.30","277564.48","SABD0002000026","AAV2.0.0.13","4.0.0.2353","PSt7-10","221103-017","5/25/2023 1:31:44 PM","0000-00","0","no battery","V","353819","µV","","µV"
"06/13/2023","13:50:31","8","default","139783136","OXY_CH8","7.399","min","78.252","μmol/L","Humid","21.870","deg","143296","µV","30.137","°C","1017.000","hPa","0.0","pmil","0","55.292","deg","20.000","°C","100.000","μmol/L","21.658","deg","20.000","°C","1013.000","hPa","0.825","-0.013","0.000365","-0.00015","0","10","Humid","29.05","0","27.30","277565.05","SABD0002000026","AAV2.0.0.13","4.0.0.2353","PSt7-10","221103-017","5/25/2023 1:31:44 PM","0000-00","0","no battery","V","353819","µV","","µV"
"06/13/2023","13:50:34","8","default","139783136","OXY_CH8","7.449","min","78.252","μmol/L","Humid","21.870","deg","143293","µV","30.137","°C","1017.000","hPa","0.0","pmil","0","55.292","deg","20.000","°C","100.000","μmol/L","21.658","deg","20.000","°C","1013.000","hPa","0.825","-0.013","0.000365","-0.00015","0","10","Humid","29.05","0","27.30","277567.94","SABD0002000026","AAV2.0.0.13","4.0.0.2353","PSt7-10","221103-017","5/25/2023 1:31:44 PM","0000-00","0","no battery","V","353819","µV","","µV"
"06/13/2023","13:50:37","8","default","139783136","OXY_CH8","7.499","min","78.246","μmol/L","Humid","21.874","deg","143296","µV","30.125","°C","1017.000","hPa","0.0","pmil","0","55.292","deg","20.000","°C","100.000","μmol/L","21.658","deg","20.000","°C","1013.000","hPa","0.825","-0.013","0.000365","-0.00015","0","10","Humid","29.05","0","27.30","277573.88","SABD0002000026","AAV2.0.0.13","4.0.0.2353","PSt7-10","221103-017","5/25/2023 1:31:44 PM","0000-00","0","no battery","V","353819","µV","","µV"
"06/13/2023","13:50:40","8","default","139783136","OXY_CH8","7.549","min","78.239","μmol/L","Humid","21.872","deg","143297","µV","30.137","°C","1017.000","hPa","0.0","pmil","0","55.292","deg","20.000","°C","100.000","μmol/L","21.658","deg","20.000","°C","1013.000","hPa","0.825","-0.013","0.000365","-0.00015","0","10","Humid","29.05","0","27.30","277556.49","SABD0002000026","AAV2.0.0.13","4.0.0.2353","PSt7-10","221103-017","5/25/2023 1:31:44 PM","0000-00","0","no battery","V","353819","µV","","µV"
"06/13/2023","13:50:43","8","default","139783136","OXY_CH8","7.599","min","78.266","μmol/L","Humid","21.871","deg","143298","µV","30.125","°C","1017.000","hPa","0.0","pmil","0","55.292","deg","20.000","°C","100.000","μmol/L","21.658","deg","20.000","°C","1013.000","hPa","0.825","-0.013","0.000365","-0.00015","0","10","Humid","29.05","0","27.30","277562.13","SABD0002000026","AAV2.0.0.13","4.0.0.2353","PSt7-10","221103-017","5/25/2023 1:31:44 PM","0000-00","0","no battery","V","353819","µV","","µV"
"06/13/2023","13:50:46","8","default","139783136","OXY_CH8","7.649","min","78.252","μmol/L","Humid","21.873","deg","143290","µV","30.125","°C","1017.000","hPa","0.0","pmil","0","55.292","deg","20.000","°C","100.000","μmol/L","21.658","deg","20.000","°C","1013.000","hPa","0.825","-0.013","0.000365","-0.00015","0","10","Humid","29.05","0","27.30","277556.46","SABD0002000026","AAV2.0.0.13","4.0.0.2353","PSt7-10","221103-017","5/25/2023 1:31:44 PM","0000-00","0","no battery","V","353819","µV","","µV"
"06/13/2023","13:50:49","8","default","139783136","OXY_CH8","7.699","min","78.212","μmol/L","Humid","21.876","deg","143291","µV","30.137","°C","1017.000","hPa","0.0","pmil","0","55.292","deg","20.000","°C","100.000","μmol/L","21.658","deg","20.000","°C","1013.000","hPa","0.825","-0.013","0.000365","-0.00015","0","10","Humid","29.05","0","27.30","277550.25","SABD0002000026","AAV2.0.0.13","4.0.0.2353","PSt7-10","221103-017","5/25/2023 1:31:44 PM","0000-00","0","no battery","V","353819","µV","","µV"
"06/13/2023","13:50:52","8","default","139783136","OXY_CH8","7.749","min","78.225","μmol/L","Humid","21.877","deg","143300","µV","30.125","°C","1017.000","hPa","0.0","pmil","0","55.292","deg","20.000","°C","100.000","μmol/L","21.658","deg","20.000","°C","1013.000","hPa","0.825","-0.013","0.000365","-0.00015","0","10","Humid","29.05","0","27.30","277550.63","SABD0002000026","AAV2.0.0.13","4.0.0.2353","PSt7-10","221103-017","5/25/2023 1:31:44 PM","0000-00","0","no battery","V","353819","µV","","µV"
"06/13/2023","13:50:55","8","default","139783136","OXY_CH8","7.799","min","78.239","μmol/L","Humid","21.875","deg","143300","µV","30.125","°C","1017.000","hPa","0.0","pmil","0","55.292","deg","20.000","°C","100.000","μmol/L","21.658","deg","20.000","°C","1013.000","hPa","0.825","-0.013","0.000365","-0.00015","0","10","Humid","29.05","0","27.30","277554.18","SABD0002000026","AAV2.0.0.13","4.0.0.2353","PSt7-10","221103-017","5/25/2023 1:31:44 PM","0000-00","0","no battery","V","353819","µV","","µV"
"06/13/2023","13:50:58","8","default","139783136","OXY_CH8","7.849","min","78.222","μmol/L","Humid","21.876","deg","143300","µV","30.131","°C","1017.000","hPa","0.0","pmil","0","55.292","deg","20.000","°C","100.000","μmol/L","21.658","deg","20.000","°C","1013.000","hPa","0.825","-0.013","0.000365","-0.00015","0","10","Humid","29.05","0","27.30","277543.94","SABD0002000026","AAV2.0.0.13","4.0.0.2353","PSt7-10","221103-017","5/25/2023 1:31:44 PM","0000-00","0","no battery","V","353819","µV","","µV"
"06/13/2023","13:51:01","8","default","139783136","OXY_CH8","7.899","min","78.246","μmol/L","Humid","21.874","deg","143298","µV","30.125","°C","1017.000","hPa","0.0","pmil","0","55.292","deg","20.000","°C","100.000","μmol/L","21.658","deg","20.000","°C","1013.000","hPa","0.825","-0.013","0.000365","-0.00015","0","10","Humid","29.05","0","27.30","277543.35","SABD0002000026","AAV2.0.0.13","4.0.0.2353","PSt7-10","221103-017","5/25/2023 1:31:44 PM","0000-00","0","no battery","V","353819","µV","","µV"
"06/13/2023","13:51:04","8","default","139783136","OXY_CH8","7.949","min","78.195","μmol/L","Humid","21.880","deg","143306","µV","30.131","°C","1017.000","hPa","0.0","pmil","0","55.292","deg","20.000","°C","100.000","μmol/L","21.658","deg","20.000","°C","1013.000","hPa","0.825","-0.013","0.000365","-0.00015","0","10","Humid","29.05","0","27.30","277551.56","SABD0002000026","AAV2.0.0.13","4.0.0.2353","PSt7-10","221103-017","5/25/2023 1:31:44 PM","0000-00","0","no battery","V","353819","µV","","µV"
"06/13/2023","13:51:07","8","default","139783136","OXY_CH8","7.999","min","78.225","μmol/L","Humid","21.877","deg","143295","µV","30.125","°C","1017.000","hPa","0.0","pmil","0","55.292","deg","20.000","°C","100.000","μmol/L","21.658","deg","20.000","°C","1013.000","hPa","0.825","-0.013","0.000365","-0.00015","0","10","Humid","29.05","0","27.30","277534.50","SABD0002000026","AAV2.0.0.13","4.0.0.2353","PSt7-10","221103-017","5/25/2023 1:31:44 PM","0000-00","0","no battery","V","353819","µV","","µV"
"06/13/2023","13:51:10","8","default","139783136","OXY_CH8","8.049","min","78.212","μmol/L","Humid","21.879","deg","143294","µV","30.125","°C","1017.000","hPa","0.0","pmil","0","55.292","deg","20.000","°C","100.000","μmol/L","21.658","deg","20.000","°C","1013.000","hPa","0.825","-0.013","0.000365","-0.00015","0","10","Humid","29.05","0","27.30","277536.61","SABD0002000026","AAV2.0.0.13","4.0.0.2353","PSt7-10","221103-017","5/25/2023 1:31:44 PM","0000-00","0","no battery","V","353819","µV","","µV"
"06/13/2023","13:51:13","8","default","139783136","OXY_CH8","8.099","min","78.208","μmol/L","Humid","21.881","deg","143290","µV","30.118","°C","1017.000","hPa","0.0","pmil","0","55.292","deg","20.000","°C","100.000","μmol/L","21.658","deg","20.000","°C","1013.000","hPa","0.825","-0.013","0.000365","-0.00015","0","10","Humid","29.05","0","27.30","277539.63","SABD0002000026","AAV2.0.0.13","4.0.0.2353","PSt7-10","221103-017","5/25/2023 1:31:44 PM","0000-00","0","no battery","V","353819","µV","","µV"
"06/13/2023","13:51:16","8","default","139783136","OXY_CH8","8.149","min","78.229","μmol/L","Humid","21.878","deg","143294","µV","30.118","°C","1017.000","hPa","0.0","pmil","0","55.292","deg","20.000","°C","100.000","μmol/L","21.658","deg","20.000","°C","1013.000","hPa","0.825","-0.013","0.000365","-0.00015","0","10","Humid","29.05","0","27.30","277540.38","SABD0002000026","AAV2.0.0.13","4.0.0.2353","PSt7-10","221103-017","5/25/2023 1:31:44 PM","0000-00","0","no battery","V","353819","µV","","µV"
"06/13/2023","13:51:19","8","default","139783136","OXY_CH8","8.199","min","78.222","μmol/L","Humid","21.879","deg","143293","µV","30.118","°C","1017.000","hPa","0.0","pmil","0","55.292","deg","20.000","°C","100.000","μmol/L","21.658","deg","20.000","°C","1013.000","hPa","0.825","-0.013","0.000365","-0.00015","0","10","Humid","29.05","0","27.30","277529.35","SABD0002000026","AAV2.0.0.13","4.0.0.2353","PSt7-10","221103-017","5/25/2023 1:31:44 PM","0000-00","0","no battery","V","353819","µV","","µV"
"06/13/2023","13:51:22","8","default","139783136","OXY_CH8","8.249","min","78.232","μmol/L","Humid","21.879","deg","143296","µV","30.112","°C","1017.000","hPa","0.0","pmil","0","55.292","deg","20.000","°C","100.000","μmol/L","21.658","deg","20.000","°C","1013.000","hPa","0.825","-0.013","0.000365","-0.00015","0","10","Humid","29.05","0","27.30","277520.58","SABD0002000026","AAV2.0.0.13","4.0.0.2353","PSt7-10","221103-017","5/25/2023 1:31:44 PM","0000-00","0","no battery","V","353819","µV","","µV"
"06/13/2023","13:51:25","8","default","139783136","OXY_CH8","8.298","min","78.239","μmol/L","Humid","21.878","deg","143296","µV","30.112","°C","1017.000","hPa","0.0","pmil","0","55.292","deg","20.000","°C","100.000","μmol/L","21.658","deg","20.000","°C","1013.000","hPa","0.825","-0.013","0.000365","-0.00015","0","10","Humid","29.05","0","27.30","277530.33","SABD0002000026","AAV2.0.0.13","4.0.0.2353","PSt7-10","221103-017","5/25/2023 1:31:44 PM","0000-00","0","no battery","V","353819","µV","","µV"
"06/13/2023","13:51:28","8","default","139783136","OXY_CH8","8.349","min","78.215","μmol/L","Humid","21.880","deg","143293","µV","30.118","°C","1017.000","hPa","0.0","pmil","0","55.292","deg","20.000","°C","100.000","μmol/L","21.658","deg","20.000","°C","1013.000","hPa","0.825","-0.013","0.000365","-0.00015","0","10","Humid","29.05","0","27.30","277524.65","SABD0002000026","AAV2.0.0.13","4.0.0.2353","PSt7-10","221103-017","5/25/2023 1:31:44 PM","0000-00","0","no battery","V","353819","µV","","µV"
"06/13/2023","13:51:31","8","default","139783136","OXY_CH8","8.399","min","78.239","μmol/L","Humid","21.878","deg","143285","µV","30.112","°C","1017.000","hPa","0.0","pmil","0","55.292","deg","20.000","°C","100.000","μmol/L","21.658","deg","20.000","°C","1013.000","hPa","0.825","-0.013","0.000365","-0.00015","0","10","Humid","29.05","0","27.30","277516.59","SABD0002000026","AAV2.0.0.13","4.0.0.2353","PSt7-10","221103-017","5/25/2023 1:31:44 PM","0000-00","0","no battery","V","353819","µV","","µV"
"06/13/2023","13:51:34","8","default","139783136","OXY_CH8","8.449","min","78.205","μmol/L","Humid","21.883","deg","143292","µV","30.112","°C","1017.000","hPa","0.0","pmil","0","55.292","deg","20.000","°C","100.000","μmol/L","21.658","deg","20.000","°C","1013.000","hPa","0.825","-0.013","0.000365","-0.00015","0","10","Humid","29.05","0","27.30","277523.71","SABD0002000026","AAV2.0.0.13","4.0.0.2353","PSt7-10","221103-017","5/25/2023 1:31:44 PM","0000-00","0","no battery","V","353819","µV","","µV"
"06/13/2023","13:51:37","8","default","139783136","OXY_CH8","8.499","min","78.212","μmol/L","Humid","21.882","deg","143288","µV","30.112","°C","1017.000","hPa","0.0","pmil","0","55.292","deg","20.000","°C","100.000","μmol/L","21.658","deg","20.000","°C","1013.000","hPa","0.825","-0.013","0.000365","-0.00015","0","10","Humid","29.05","0","27.30","277510.13","SABD0002000026","AAV2.0.0.13","4.0.0.2353","PSt7-10","221103-017","5/25/2023 1:31:44 PM","0000-00","0","no battery","V","353819","µV","","µV"
"06/13/2023","13:51:40","8","default","139783136","OXY_CH8","8.549","min","78.235","μmol/L","Humid","21.880","deg","143296","µV","30.106","°C","1017.000","hPa","0.0","pmil","0","55.292","deg","20.000","°C","100.000","μmol/L","21.658","deg","20.000","°C","1013.000","hPa","0.825","-0.013","0.000365","-0.00015","0","10","Humid","29.05","0","27.30","277529.53","SABD0002000026","AAV2.0.0.13","4.0.0.2353","PSt7-10","221103-017","5/25/2023 1:31:44 PM","0000-00","0","no battery","V","353819","µV","","µV"
"06/13/2023","13:51:43","8","default","139783136","OXY_CH8","8.599","min","78.195","μmol/L","Humid","21.883","deg","143296","µV","30.118","°C","1017.000","hPa","0.0","pmil","0","55.292","deg","20.000","°C","100.000","μmol/L","21.658","deg","20.000","°C","1013.000","hPa","0.825","-0.013","0.000365","-0.00015","0","10","Humid","29.05","0","27.30","277524.46","SABD0002000026","AAV2.0.0.13","4.0.0.2353","PSt7-10","221103-017","5/25/2023 1:31:44 PM","0000-00","0","no battery","V","353819","µV","","µV"
"06/13/2023","13:51:46","8","default","139783136","OXY_CH8","8.649","min","78.212","μmol/L","Humid","21.882","deg","143298","µV","30.112","°C","1017.000","hPa","0.0","pmil","0","55.292","deg","20.000","°C","100.000","μmol/L","21.658","deg","20.000","°C","1013.000","hPa","0.825","-0.013","0.000365","-0.00015","0","10","Humid","29.05","0","27.30","277514.27","SABD0002000026","AAV2.0.0.13","4.0.0.2353","PSt7-10","221103-017","5/25/2023 1:31:44 PM","0000-00","0","no battery","V","353819","µV","","µV"
"06/13/2023","13:51:49","8","default","139783136","OXY_CH8","8.699","min","78.209","μmol/L","Humid","21.884","deg","143295","µV","30.106","°C","1017.000","hPa","0.0","pmil","0","55.292","deg","20.000","°C","100.000","μmol/L","21.658","deg","20.000","°C","1013.000","hPa","0.825","-0.013","0.000365","-0.00015","0","10","Humid","29.05","0","27.30","277497.13","SABD0002000026","AAV2.0.0.13","4.0.0.2353","PSt7-10","221103-017","5/25/2023 1:31:44 PM","0000-00","0","no battery","V","353819","µV","","µV"
"06/13/2023","13:51:52","8","default","139783136","OXY_CH8","8.749","min","78.219","μmol/L","Humid","21.881","deg","143295","µV","30.112","°C","1017.000","hPa","0.0","pmil","0","55.292","deg","20.000","°C","100.000","μmol/L","21.658","deg","20.000","°C","1013.000","hPa","0.825","-0.013","0.000365","-0.00015","0","10","Humid","29.05","0","27.30","277507.40","SABD0002000026","AAV2.0.0.13","4.0.0.2353","PSt7-10","221103-017","5/25/2023 1:31:44 PM","0000-00","0","no battery","V","353819","µV","","µV"
"06/13/2023","13:51:55","8","default","139783136","OXY_CH8","8.799","min","78.232","μmol/L","Humid","21.882","deg","143309","µV","30.100","°C","1017.000","hPa","0.0","pmil","0","55.292","deg","20.000","°C","100.000","μmol/L","21.658","deg","20.000","°C","1013.000","hPa","0.825","-0.013","0.000365","-0.00015","0","10","Humid","29.05","0","27.30","277515.93","SABD0002000026","AAV2.0.0.13","4.0.0.2353","PSt7-10","221103-017","5/25/2023 1:31:44 PM","0000-00","0","no battery","V","353819","µV","","µV"
"06/13/2023","13:51:58","8","default","139783136","OXY_CH8","8.849","min","78.222","μmol/L","Humid","21.882","deg","143299","µV","30.106","°C","1017.000","hPa","0.0","pmil","0","55.292","deg","20.000","°C","100.000","μmol/L","21.658","deg","20.000","°C","1013.000","hPa","0.825","-0.013","0.000365","-0.00015","0","10","Humid","29.05","0","27.30","277509.27","SABD0002000026","AAV2.0.0.13","4.0.0.2353","PSt7-10","221103-017","5/25/2023 1:31:44 PM","0000-00","0","no battery","V","353819","µV","","µV"
"06/13/2023","13:52:01","8","default","139783136","OXY_CH8","8.899","min","78.235","μmol/L","Humid","21.880","deg","143291","µV","30.106","°C","1017.000","hPa","0.0","pmil","0","55.292","deg","20.000","°C","100.000","μmol/L","21.658","deg","20.000","°C","1013.000","hPa","0.825","-0.013","0.000365","-0.00015","0","10","Humid","29.05","0","27.30","277502.58","SABD0002000026","AAV2.0.0.13","4.0.0.2353","PSt7-10","221103-017","5/25/2023 1:31:44 PM","0000-00","0","no battery","V","353819","µV","","µV"
"06/13/2023","13:52:04","8","default","139783136","OXY_CH8","8.949","min","78.232","μmol/L","Humid","21.882","deg","143299","µV","30.100","°C","1017.000","hPa","0.0","pmil","0","55.292","deg","20.000","°C","100.000","μmol/L","21.658","deg","20.000","°C","1013.000","hPa","0.825","-0.013","0.000365","-0.00015","0","10","Humid","29.05","0","27.30","277511.33","SABD0002000026","AAV2.0.0.13","4.0.0.2353","PSt7-10","221103-017","5/25/2023 1:31:44 PM","0000-00","0","no battery","V","353819","µV","","µV"
"06/13/2023","13:52:07","8","default","139783136","OXY_CH8","8.999","min","78.242","μmol/L","Humid","21.882","deg","143291","µV","30.094","°C","1017.000","hPa","0.0","pmil","0","55.292","deg","20.000","°C","100.000","μmol/L","21.658","deg","20.000","°C","1013.000","hPa","0.825","-0.013","0.000365","-0.00015","0","10","Humid","29.05","0","27.30","277492.63","SABD0002000026","AAV2.0.0.13","4.0.0.2353","PSt7-10","221103-017","5/25/2023 1:31:44 PM","0000-00","0","no battery","V","353819","µV","","µV"
"06/13/2023","13:52:10","8","default","139783136","OXY_CH8","9.049","min","78.236","μmol/L","Humid","21.883","deg","143301","µV","30.094","°C","1017.000","hPa","0.0","pmil","0","55.292","deg","20.000","°C","100.000","μmol/L","21.658","deg","20.000","°C","1013.000","hPa","0.825","-0.013","0.000365","-0.00015","0","10","Humid","29.05","0","27.30","277505.24","SABD0002000026","AAV2.0.0.13","4.0.0.2353","PSt7-10","221103-017","5/25/2023 1:31:44 PM","0000-00","0","no battery","V","353819","µV","","µV"
"06/13/2023","13:52:13","8","default","139783136","OXY_CH8","9.099","min","78.225","μmol/L","Humid","21.883","deg","143299","µV","30.100","°C","1017.000","hPa","0.0","pmil","0","55.292","deg","20.000","°C","100.000","μmol/L","21.658","deg","20.000","°C","1013.000","hPa","0.825","-0.013","0.000365","-0.00015","0","10","Humid","29.05","0","27.30","277500.83","SABD0002000026","AAV2.0.0.13","4.0.0.2353","PSt7-10","221103-017","5/25/2023 1:31:44 PM","0000-00","0","no battery","V","353819","µV","","µV"
"06/13/2023","13:52:16","8","default","139783136","OXY_CH8","9.149","min","78.229","μmol/L","Humid","21.884","deg","143296","µV","30.094","°C","1017.000","hPa","0.0","pmil","0","55.292","deg","20.000","°C","100.000","μmol/L","21.658","deg","20.000","°C","1013.000","hPa","0.825","-0.013","0.000365","-0.00015","0","10","Humid","29.05","0","27.30","277498.99","SABD0002000026","AAV2.0.0.13","4.0.0.2353","PSt7-10","221103-017","5/25/2023 1:31:44 PM","0000-00","0","no battery","V","353819","µV","","µV"
"06/13/2023","13:52:19","8","default","139783136","OXY_CH8","9.198","min","78.215","μmol/L","Humid","21.886","deg","143293","µV","30.094","°C","1017.000","hPa","0.0","pmil","0","55.292","deg","20.000","°C","100.000","μmol/L","21.658","deg","20.000","°C","1013.000","hPa","0.825","-0.013","0.000365","-0.00015","0","10","Humid","29.05","0","27.30","277488.79","SABD0002000026","AAV2.0.0.13","4.0.0.2353","PSt7-10","221103-017","5/25/2023 1:31:44 PM","0000-00","0","no battery","V","353819","µV","","µV"
"06/13/2023","13:52:22","8","default","139783136","OXY_CH8","9.249","min","78.212","μmol/L","Humid","21.885","deg","143289","µV","30.100","°C","1017.000","hPa","0.0","pmil","0","55.292","deg","20.000","°C","100.000","μmol/L","21.658","deg","20.000","°C","1013.000","hPa","0.825","-0.013","0.000365","-0.00015","0","10","Humid","29.05","0","27.30","277502.16","SABD0002000026","AAV2.0.0.13","4.0.0.2353","PSt7-10","221103-017","5/25/2023 1:31:44 PM","0000-00","0","no battery","V","353819","µV","","µV"
"06/13/2023","13:52:25","8","default","139783136","OXY_CH8","9.299","min","78.215","μmol/L","Humid","21.886","deg","143285","µV","30.094","°C","1017.000","hPa","0.0","pmil","0","55.292","deg","20.000","°C","100.000","μmol/L","21.658","deg","20.000","°C","1013.000","hPa","0.825","-0.013","0.000365","-0.00015","0","10","Humid","29.05","0","27.30","277480.56","SABD0002000026","AAV2.0.0.13","4.0.0.2353","PSt7-10","221103-017","5/25/2023 1:31:44 PM","0000-00","0","no battery","V","353819","µV","","µV"
"06/13/2023","13:52:28","8","default","139783136","OXY_CH8","9.348","min","78.219","μmol/L","Humid","21.887","deg","143287","µV","30.088","°C","1017.000","hPa","0.0","pmil","0","55.292","deg","20.000","°C","100.000","μmol/L","21.658","deg","20.000","°C","1013.000","hPa","0.825","-0.013","0.000365","-0.00015","0","10","Humid","29.05","0","27.30","277491.57","SABD0002000026","AAV2.0.0.13","4.0.0.2353","PSt7-10","221103-017","5/25/2023 1:31:44 PM","0000-00","0","no battery","V","353819","µV","","µV"
"06/13/2023","13:52:31","8","default","139783136","OXY_CH8","9.399","min","78.222","μmol/L","Humid","21.885","deg","143288","µV","30.094","°C","1017.000","hPa","0.0","pmil","0","55.292","deg","20.000","°C","100.000","μmol/L","21.658","deg","20.000","°C","1013.000","hPa","0.825","-0.013","0.000365","-0.00015","0","10","Humid","29.05","0","27.30","277484.94","SABD0002000026","AAV2.0.0.13","4.0.0.2353","PSt7-10","221103-017","5/25/2023 1:31:44 PM","0000-00","0","no battery","V","353819","µV","","µV"
"06/13/2023","13:52:34","8","default","139783136","OXY_CH8","9.449","min","78.212","μmol/L","Humid","21.888","deg","143283","µV","30.088","°C","1017.000","hPa","0.0","pmil","0","55.292","deg","20.000","°C","100.000","μmol/L","21.658","deg","20.000","°C","1013.000","hPa","0.825","-0.013","0.000365","-0.00015","0","10","Humid","29.05","0","27.30","277480.72","SABD0002000026","AAV2.0.0.13","4.0.0.2353","PSt7-10","221103-017","5/25/2023 1:31:44 PM","0000-00","0","no battery","V","353819","µV","","µV"
"06/13/2023","13:52:37","8","default","139783136","OXY_CH8","9.499","min","78.232","μmol/L","Humid","21.885","deg","143285","µV","30.088","°C","1017.000","hPa","0.0","pmil","0","55.292","deg","20.000","°C","100.000","μmol/L","21.658","deg","20.000","°C","1013.000","hPa","0.825","-0.013","0.000365","-0.00015","0","10","Humid","29.05","0","27.30","277497.82","SABD0002000026","AAV2.0.0.13","4.0.0.2353","PSt7-10","221103-017","5/25/2023 1:31:44 PM","0000-00","0","no battery","V","353819","µV","","µV"
"06/13/2023","13:52:40","8","default","139783136","OXY_CH8","9.549","min","78.232","μmol/L","Humid","21.885","deg","143288","µV","30.088","°C","1017.000","hPa","0.0","pmil","0","55.292","deg","20.000","°C","100.000","μmol/L","21.658","deg","20.000","°C","1013.000","hPa","0.825","-0.013","0.000365","-0.00015","0","10","Humid","29.05","0","27.30","277484.15","SABD0002000026","AAV2.0.0.13","4.0.0.2353","PSt7-10","221103-017","5/25/2023 1:31:44 PM","0000-00","0","no battery","V","353819","µV","","µV"
"06/13/2023","13:52:43","8","default","139783136","OXY_CH8","9.599","min","78.222","μmol/L","Humid","21.885","deg","143281","µV","30.094","°C","1017.000","hPa","0.0","pmil","0","55.292","deg","20.000","°C","100.000","μmol/L","21.658","deg","20.000","°C","1013.000","hPa","0.825","-0.013","0.000365","-0.00015","0","10","Humid","29.05","0","27.30","277477.02","SABD0002000026","AAV2.0.0.13","4.0.0.2353","PSt7-10","221103-017","5/25/2023 1:31:44 PM","0000-00","0","no battery","V","353819","µV","","µV"
"06/13/2023","13:52:46","8","default","139783136","OXY_CH8","9.649","min","78.215","μmol/L","Humid","21.886","deg","143282","µV","30.094","°C","1017.000","hPa","0.0","pmil","0","55.292","deg","20.000","°C","100.000","μmol/L","21.658","deg","20.000","°C","1013.000","hPa","0.825","-0.013","0.000365","-0.00015","0","10","Humid","29.05","0","27.30","277481.10","SABD0002000026","AAV2.0.0.13","4.0.0.2353","PSt7-10","221103-017","5/25/2023 1:31:44 PM","0000-00","0","no battery","V","353819","µV","","µV"
"06/13/2023","13:52:49","8","default","139783136","OXY_CH8","9.699","min","78.212","μmol/L","Humid","21.888","deg","143276","µV","30.088","°C","1017.000","hPa","0.0","pmil","0","55.292","deg","20.000","°C","100.000","μmol/L","21.658","deg","20.000","°C","1013.000","hPa","0.825","-0.013","0.000365","-0.00015","0","10","Humid","29.05","0","27.30","277481.92","SABD0002000026","AAV2.0.0.13","4.0.0.2353","PSt7-10","221103-017","5/25/2023 1:31:44 PM","0000-00","0","no battery","V","353819","µV","","µV"
"06/13/2023","13:52:52","8","default","139783136","OXY_CH8","9.749","min","78.222","μmol/L","Humid","21.888","deg","143277","µV","30.082","°C","1017.000","hPa","0.0","pmil","0","55.292","deg","20.000","°C","100.000","μmol/L","21.658","deg","20.000","°C","1013.000","hPa","0.825","-0.013","0.000365","-0.00015","0","10","Humid","29.05","0","27.30","277480.45","SABD0002000026","AAV2.0.0.13","4.0.0.2353","PSt7-10","221103-017","5/25/2023 1:31:44 PM","0000-00","0","no battery","V","353819","µV","","µV"
"06/13/2023","13:52:55","8","default","139783136","OXY_CH8","9.799","min","78.222","μmol/L","Humid","21.888","deg","143283","µV","30.082","°C","1017.000","hPa","0.0","pmil","0","55.292","deg","20.000","°C","100.000","μmol/L","21.658","deg","20.000","°C","1013.000","hPa","0.825","-0.013","0.000365","-0.00015","0","10","Humid","29.05","0","27.30","277472.30","SABD0002000026","AAV2.0.0.13","4.0.0.2353","PSt7-10","221103-017","5/25/2023 1:31:44 PM","0000-00","0","no battery","V","353819","µV","","µV"
"06/13/2023","13:52:58","8","default","139783136","OXY_CH8","9.849","min","78.212","μmol/L","Humid","21.888","deg","143284","µV","30.088","°C","1017.000","hPa","0.0","pmil","0","55.292","deg","20.000","°C","100.000","μmol/L","21.658","deg","20.000","°C","1013.000","hPa","0.825","-0.013","0.000365","-0.00015","0","10","Humid","29.05","0","27.30","277470.50","SABD0002000026","AAV2.0.0.13","4.0.0.2353","PSt7-10","221103-017","5/25/2023 1:31:44 PM","0000-00","0","no battery","V","353819","µV","","µV"
"06/13/2023","13:53:01","8","default","139783136","OXY_CH8","9.899","min","78.212","μmol/L","Humid","21.891","deg","143279","µV","30.075","°C","1017.000","hPa","0.0","pmil","0","55.292","deg","20.000","°C","100.000","μmol/L","21.658","deg","20.000","°C","1013.000","hPa","0.825","-0.013","0.000365","-0.00015","0","10","Humid","29.05","0","27.30","277470.17","SABD0002000026","AAV2.0.0.13","4.0.0.2353","PSt7-10","221103-017","5/25/2023 1:31:44 PM","0000-00","0","no battery","V","353819","µV","","µV"
"06/13/2023","13:53:04","8","default","139783136","OXY_CH8","9.949","min","78.198","μmol/L","Humid","21.890","deg","143276","µV","30.088","°C","1017.000","hPa","0.0","pmil","0","55.292","deg","20.000","°C","100.000","μmol/L","21.658","deg","20.000","°C","1013.000","hPa","0.825","-0.013","0.000365","-0.00015","0","10","Humid","29.05","0","27.30","277458.50","SABD0002000026","AAV2.0.0.13","4.0.0.2353","PSt7-10","221103-017","5/25/2023 1:31:44 PM","0000-00","0","no battery","V","353819","µV","","µV"
"06/13/2023","13:53:07","8","default","139783136","OXY_CH8","9.999","min","78.215","μmol/L","Humid","21.889","deg","143285","µV","30.082","°C","1017.000","hPa","0.0","pmil","0","55.292","deg","20.000","°C","100.000","μmol/L","21.658","deg","20.000","°C","1013.000","hPa","0.825","-0.013","0.000365","-0.00015","0","10","Humid","29.05","0","27.30","277449.53","SABD0002000026","AAV2.0.0.13","4.0.0.2353","PSt7-10","221103-017","5/25/2023 1:31:44 PM","0000-00","0","no battery","V","353819","µV","","µV"
"06/13/2023","13:53:10","8","default","139783136","OXY_CH8","10.049","min","78.219","μmol/L","Humid","21.890","deg","143280","µV","30.075","°C","1017.000","hPa","0.0","pmil","0","55.292","deg","20.000","°C","100.000","μmol/L","21.658","deg","20.000","°C","1013.000","hPa","0.825","-0.013","0.000365","-0.00015","0","10","Humid","29.05","0","27.30","277438.67","SABD0002000026","AAV2.0.0.13","4.0.0.2353","PSt7-10","221103-017","5/25/2023 1:31:44 PM","0000-00","0","no battery","V","353819","µV","","µV"
"06/13/2023","13:53:13","8","default","139783136","OXY_CH8","10.099","min","78.219","μmol/L","Humid","21.890","deg","143274","µV","30.075","°C","1017.000","hPa","0.0","pmil","0","55.292","deg","20.000","°C","100.000","μmol/L","21.658","deg","20.000","°C","1013.000","hPa","0.825","-0.013","0.000365","-0.00015","0","10","Humid","29.05","0","27.30","277444.18","SABD0002000026","AAV2.0.0.13","4.0.0.2353","PSt7-10","221103-017","5/25/2023 1:31:44 PM","0000-00","0","no battery","V","353819","µV","","µV"
"06/13/2023","13:53:16","8","default","139783136","OXY_CH8","10.149","min","78.232","μmol/L","Humid","21.888","deg","143272","µV","30.075","°C","1017.000","hPa","0.0","pmil","0","55.292","deg","20.000","°C","100.000","μmol/L","21.658","deg","20.000","°C","1013.000","hPa","0.825","-0.013","0.000365","-0.00015","0","10","Humid","29.05","0","27.30","277437.99","SABD0002000026","AAV2.0.0.13","4.0.0.2353","PSt7-10","221103-017","5/25/2023 1:31:44 PM","0000-00","0","no battery","V","353819","µV","","µV"
"06/13/2023","13:53:19","8","default","139783136","OXY_CH8","10.199","min","78.202","μmol/L","Humid","21.891","deg","143287","µV","30.082","°C","1017.000","hPa","0.0","pmil","0","55.292","deg","20.000","°C","100.000","μmol/L","21.658","deg","20.000","°C","1013.000","hPa","0.825","-0.013","0.000365","-0.00015","0","10","Humid","29.05","0","27.30","277436.04","SABD0002000026","AAV2.0.0.13","4.0.0.2353","PSt7-10","221103-017","5/25/2023 1:31:44 PM","0000-00","0","no battery","V","353819","µV","","µV"
"06/13/2023","13:53:22","8","default","139783136","OXY_CH8","10.251","min","78.236","μmol/L","Humid","21.886","deg","143277","µV","30.082","°C","1017.000","hPa","0.0","pmil","0","55.292","deg","20.000","°C","100.000","μmol/L","21.658","deg","20.000","°C","1013.000","hPa","0.825","-0.013","0.000365","-0.00015","0","10","Humid","29.05","0","27.30","277443.01","SABD0002000026","AAV2.0.0.13","4.0.0.2353","PSt7-10","221103-017","5/25/2023 1:31:44 PM","0000-00","0","no battery","V","353819","µV","","µV"
"06/13/2023","13:53:25","8","default","139783136","OXY_CH8","10.299","min","78.198","μmol/L","Humid","21.893","deg","143277","µV","30.075","°C","1017.000","hPa","0.0","pmil","0","55.292","deg","20.000","°C","100.000","μmol/L","21.658","deg","20.000","°C","1013.000","hPa","0.825","-0.013","0.000365","-0.00015","0","10","Humid","29.05","0","27.30","277445.47","SABD0002000026","AAV2.0.0.13","4.0.0.2353","PSt7-10","221103-017","5/25/2023 1:31:44 PM","0000-00","0","no battery","V","353819","µV","","µV"
"06/13/2023","13:53:28","8","default","139783136","OXY_CH8","10.349","min","78.222","μmol/L","Humid","21.891","deg","143283","µV","30.069","°C","1017.000","hPa","0.0","pmil","0","55.292","deg","20.000","°C","100.000","μmol/L","21.658","deg","20.000","°C","1013.000","hPa","0.825","-0.013","0.000365","-0.00015","0","10","Humid","29.05","0","27.30","277438.69","SABD0002000026","AAV2.0.0.13","4.0.0.2353","PSt7-10","221103-017","5/25/2023 1:31:44 PM","0000-00","0","no battery","V","353819","µV","","µV"
"06/13/2023","13:53:31","8","default","139783136","OXY_CH8","10.399","min","78.212","μmol/L","Humid","21.891","deg","143279","µV","30.075","°C","1017.000","hPa","0.0","pmil","0","55.292","deg","20.000","°C","100.000","μmol/L","21.658","deg","20.000","°C","1013.000","hPa","0.825","-0.013","0.000365","-0.00015","0","10","Humid","29.05","0","27.30","277444.17","SABD0002000026","AAV2.0.0.13","4.0.0.2353","PSt7-10","221103-017","5/25/2023 1:31:44 PM","0000-00","0","no battery","V","353819","µV","","µV"
"06/13/2023","13:53:34","8","default","139783136","OXY_CH8","10.449","min","78.205","μmol/L","Humid","21.892","deg","143273","µV","30.075","°C","1017.000","hPa","0.0","pmil","0","55.292","deg","20.000","°C","100.000","μmol/L","21.658","deg","20.000","°C","1013.000","hPa","0.825","-0.013","0.000365","-0.00015","0","10","Humid","29.05","0","27.30","277440.44","SABD0002000026","AAV2.0.0.13","4.0.0.2353","PSt7-10","221103-017","5/25/2023 1:31:44 PM","0000-00","0","no battery","V","353819","µV","","µV"
"06/13/2023","13:53:37","8","default","139783136","OXY_CH8","10.499","min","78.202","μmol/L","Humid","21.894","deg","143272","µV","30.069","°C","1017.000","hPa","0.0","pmil","0","55.292","deg","20.000","°C","100.000","μmol/L","21.658","deg","20.000","°C","1013.000","hPa","0.825","-0.013","0.000365","-0.00015","0","10","Humid","29.05","0","27.30","277441.66","SABD0002000026","AAV2.0.0.13","4.0.0.2353","PSt7-10","221103-017","5/25/2023 1:31:44 PM","0000-00","0","no battery","V","353819","µV","","µV"
"06/13/2023","13:53:40","8","default","139783136","OXY_CH8","10.549","min","78.229","μmol/L","Humid","21.890","deg","143277","µV","30.069","°C","1017.000","hPa","0.0","pmil","0","55.292","deg","20.000","°C","100.000","μmol/L","21.658","deg","20.000","°C","1013.000","hPa","0.825","-0.013","0.000365","-0.00015","0","10","Humid","29.05","0","27.30","277441.62","SABD0002000026","AAV2.0.0.13","4.0.0.2353","PSt7-10","221103-017","5/25/2023 1:31:44 PM","0000-00","0","no battery","V","353819","µV","","µV"
"06/13/2023","13:53:43","8","default","139783136","OXY_CH8","10.599","min","78.226","μmol/L","Humid","21.892","deg","143273","µV","30.063","°C","1017.000","hPa","0.0","pmil","0","55.292","deg","20.000","°C","100.000","μmol/L","21.658","deg","20.000","°C","1013.000","hPa","0.825","-0.013","0.000365","-0.00015","0","10","Humid","29.05","0","27.30","277433.15","SABD0002000026","AAV2.0.0.13","4.0.0.2353","PSt7-10","221103-017","5/25/2023 1:31:44 PM","0000-00","0","no battery","V","353819","µV","","µV"
"06/13/2023","13:53:46","8","default","139783136","OXY_CH8","10.649","min","78.222","μmol/L","Humid","21.891","deg","143262","µV","30.069","°C","1017.000","hPa","0.0","pmil","0","55.292","deg","20.000","°C","100.000","μmol/L","21.658","deg","20.000","°C","1013.000","hPa","0.825","-0.013","0.000365","-0.00015","0","10","Humid","29.05","0","27.30","277417.81","SABD0002000026","AAV2.0.0.13","4.0.0.2353","PSt7-10","221103-017","5/25/2023 1:31:44 PM","0000-00","0","no battery","V","353819","µV","","µV"
"06/13/2023","13:53:49","8","default","139783136","OXY_CH8","10.699","min","78.202","μmol/L","Humid","21.894","deg","143266","µV","30.069","°C","1017.000","hPa","0.0","pmil","0","55.292","deg","20.000","°C","100.000","μmol/L","21.658","deg","20.000","°C","1013.000","hPa","0.825","-0.013","0.000365","-0.00015","0","10","Humid","29.05","0","27.30","277420.33","SABD0002000026","AAV2.0.0.13","4.0.0.2353","PSt7-10","221103-017","5/25/2023 1:31:44 PM","0000-00","0","no battery","V","353819","µV","","µV"
"06/13/2023","13:53:52","8","default","139783136","OXY_CH8","10.749","min","78.232","μmol/L","Humid","21.891","deg","143267","µV","30.063","°C","1017.000","hPa","0.0","pmil","0","55.292","deg","20.000","°C","100.000","μmol/L","21.658","deg","20.000","°C","1013.000","hPa","0.825","-0.013","0.000365","-0.00015","0","10","Humid","29.05","0","27.30","277411.05","SABD0002000026","AAV2.0.0.13","4.0.0.2353","PSt7-10","221103-017","5/25/2023 1:31:44 PM","0000-00","0","no battery","V","353819","µV","","µV"
"06/13/2023","13:53:55","8","default","139783136","OXY_CH8","10.799","min","78.226","μmol/L","Humid","21.892","deg","143263","µV","30.063","°C","1017.000","hPa","0.0","pmil","0","55.292","deg","20.000","°C","100.000","μmol/L","21.658","deg","20.000","°C","1013.000","hPa","0.825","-0.013","0.000365","-0.00015","0","10","Humid","29.05","0","27.30","277420.74","SABD0002000026","AAV2.0.0.13","4.0.0.2353","PSt7-10","221103-017","5/25/2023 1:31:44 PM","0000-00","0","no battery","V","353819","µV","","µV"
"06/13/2023","13:53:58","8","default","139783136","OXY_CH8","10.849","min","78.232","μmol/L","Humid","21.891","deg","143269","µV","30.063","°C","1017.000","hPa","0.0","pmil","0","55.292","deg","20.000","°C","100.000","μmol/L","21.658","deg","20.000","°C","1013.000","hPa","0.825","-0.013","0.000365","-0.00015","0","10","Humid","29.05","0","27.30","277424.56","SABD0002000026","AAV2.0.0.13","4.0.0.2353","PSt7-10","221103-017","5/25/2023 1:31:44 PM","0000-00","0","no battery","V","353819","µV","","µV"
"06/13/2023","13:54:01","8","default","139783136","OXY_CH8","10.899","min","78.236","μmol/L","Humid","21.892","deg","143251","µV","30.057","°C","1017.000","hPa","0.0","pmil","0","55.292","deg","20.000","°C","100.000","μmol/L","21.658","deg","20.000","°C","1013.000","hPa","0.825","-0.013","0.000365","-0.00015","0","10","Humid","29.05","0","27.30","277419.09","SABD0002000026","AAV2.0.0.13","4.0.0.2353","PSt7-10","221103-017","5/25/2023 1:31:44 PM","0000-00","0","no battery","V","353819","µV","","µV"
"06/13/2023","13:54:04","8","default","139783136","OXY_CH8","10.948","min","78.229","μmol/L","Humid","21.893","deg","143261","µV","30.057","°C","1017.000","hPa","0.0","pmil","0","55.292","deg","20.000","°C","100.000","μmol/L","21.658","deg","20.000","°C","1013.000","hPa","0.825","-0.013","0.000365","-0.00015","0","10","Humid","29.05","0","27.30","277414.96","SABD0002000026","AAV2.0.0.13","4.0.0.2353","PSt7-10","221103-017","5/25/2023 1:31:44 PM","0000-00","0","no battery","V","353819","µV","","µV"
"06/13/2023","13:54:07","8","default","139783136","OXY_CH8","10.999","min","78.236","μmol/L","Humid","21.892","deg","143254","µV","30.057","°C","1017.000","hPa","0.0","pmil","0","55.292","deg","20.000","°C","100.000","μmol/L","21.658","deg","20.000","°C","1013.000","hPa","0.825","-0.013","0.000365","-0.00015","0","10","Humid","29.05","0","27.30","277416.37","SABD0002000026","AAV2.0.0.13","4.0.0.2353","PSt7-10","221103-017","5/25/2023 1:31:44 PM","0000-00","0","no battery","V","353819","µV","","µV"
"06/13/2023","13:54:10","8","default","139783136","OXY_CH8","11.049","min","78.229","μmol/L","Humid","21.893","deg","143245","µV","30.057","°C","1017.000","hPa","0.0","pmil","0","55.292","deg","20.000","°C","100.000","μmol/L","21.658","deg","20.000","°C","1013.000","hPa","0.825","-0.013","0.000365","-0.00015","0","10","Humid","29.05","0","27.30","277403.75","SABD0002000026","AAV2.0.0.13","4.0.0.2353","PSt7-10","221103-017","5/25/2023 1:31:44 PM","0000-00","0","no battery","V","353819","µV","","µV"
"06/13/2023","13:54:13","8","default","139783136","OXY_CH8","11.099","min","78.222","μmol/L","Humid","21.894","deg","143250","µV","30.057","°C","1017.000","hPa","0.0","pmil","0","55.292","deg","20.000","°C","100.000","μmol/L","21.658","deg","20.000","°C","1013.000","hPa","0.825","-0.013","0.000365","-0.00015","0","10","Humid","29.05","0","27.30","277416.90","SABD0002000026","AAV2.0.0.13","4.0.0.2353","PSt7-10","221103-017","5/25/2023 1:31:44 PM","0000-00","0","no battery","V","353819","µV","","µV"
"06/13/2023","13:54:16","8","default","139783136","OXY_CH8","11.149","min","78.253","μmol/L","Humid","21.891","deg","143243","µV","30.051","°C","1017.000","hPa","0.0","pmil","0","55.292","deg","20.000","°C","100.000","μmol/L","21.658","deg","20.000","°C","1013.000","hPa","0.825","-0.013","0.000365","-0.00015","0","10","Humid","29.05","0","27.30","277410.17","SABD0002000026","AAV2.0.0.13","4.0.0.2353","PSt7-10","221103-017","5/25/2023 1:31:44 PM","0000-00","0","no battery","V","353819","µV","","µV"
"06/13/2023","13:54:19","8","default","139783136","OXY_CH8","11.199","min","78.249","μmol/L","Humid","21.890","deg","143238","µV","30.057","°C","1017.000","hPa","0.0","pmil","0","55.292","deg","20.000","°C","100.000","μmol/L","21.658","deg","20.000","°C","1013.000","hPa","0.825","-0.013","0.000365","-0.00015","0","10","Humid","29.05","0","27.30","277398.49","SABD0002000026","AAV2.0.0.13","4.0.0.2353","PSt7-10","221103-017","5/25/2023 1:31:44 PM","0000-00","0","no battery","V","353819","µV","","µV"
"06/13/2023","13:54:22","8","default","139783136","OXY_CH8","11.250","min","78.222","μmol/L","Humid","21.894","deg","143232","µV","30.057","°C","1017.000","hPa","0.0","pmil","0","55.292","deg","20.000","°C","100.000","μmol/L","21.658","deg","20.000","°C","1013.000","hPa","0.825","-0.013","0.000365","-0.00015","0","10","Humid","29.05","0","27.30","277399.89","SABD0002000026","AAV2.0.0.13","4.0.0.2353","PSt7-10","221103-017","5/25/2023 1:31:44 PM","0000-00","0","no battery","V","353819","µV","","µV"
"06/13/2023","13:54:25","8","default","139783136","OXY_CH8","11.299","min","78.246","μmol/L","Humid","21.892","deg","143231","µV","30.051","°C","1017.000","hPa","0.0","pmil","0","55.292","deg","20.000","°C","100.000","μmol/L","21.658","deg","20.000","°C","1013.000","hPa","0.825","-0.013","0.000365","-0.00015","0","10","Humid","29.05","0","27.30","277400.36","SABD0002000026","AAV2.0.0.13","4.0.0.2353","PSt7-10","221103-017","5/25/2023 1:31:44 PM","0000-00","0","no battery","V","353819","µV","","µV"
"06/13/2023","13:54:28","8","default","139783136","OXY_CH8","11.349","min","78.266","μmol/L","Humid","21.892","deg","143229","µV","30.039","°C","1017.000","hPa","0.0","pmil","0","55.292","deg","20.000","°C","100.000","μmol/L","21.658","deg","20.000","°C","1013.000","hPa","0.825","-0.013","0.000365","-0.00015","0","10","Humid","29.05","0","27.30","277401.00","SABD0002000026","AAV2.0.0.13","4.0.0.2353","PSt7-10","221103-017","5/25/2023 1:31:44 PM","0000-00","0","no battery","V","353819","µV","","µV"
"06/13/2023","13:54:31","8","default","139783136","OXY_CH8","11.399","min","78.249","μmol/L","Humid","21.893","deg","143235","µV","30.045","°C","1017.000","hPa","0.0","pmil","0","55.292","deg","20.000","°C","100.000","μmol/L","21.658","deg","20.000","°C","1013.000","hPa","0.825","-0.013","0.000365","-0.00015","0","10","Humid","29.05","0","27.30","277398.92","SABD0002000026","AAV2.0.0.13","4.0.0.2353","PSt7-10","221103-017","5/25/2023 1:31:44 PM","0000-00","0","no battery","V","353819","µV","","µV"
"06/13/2023","13:54:34","8","default","139783136","OXY_CH8","11.449","min","78.263","μmol/L","Humid","21.891","deg","143226","µV","30.045","°C","1017.000","hPa","0.0","pmil","0","55.292","deg","20.000","°C","100.000","μmol/L","21.658","deg","20.000","°C","1013.000","hPa","0.825","-0.013","0.000365","-0.00015","0","10","Humid","29.05","0","27.30","277411.17","SABD0002000026","AAV2.0.0.13","4.0.0.2353","PSt7-10","221103-017","5/25/2023 1:31:44 PM","0000-00","0","no battery","V","353819","µV","","µV"
"06/13/2023","13:54:37","8","default","139783136","OXY_CH8","11.499","min","78.269","μmol/L","Humid","21.890","deg","143213","µV","30.045","°C","1017.000","hPa","0.0","pmil","0","55.292","deg","20.000","°C","100.000","μmol/L","21.658","deg","20.000","°C","1013.000","hPa","0.825","-0.013","0.000365","-0.00015","0","10","Humid","29.05","0","27.30","277394.23","SABD0002000026","AAV2.0.0.13","4.0.0.2353","PSt7-10","221103-017","5/25/2023 1:31:44 PM","0000-00","0","no battery","V","353819","µV","","µV"
"06/13/2023","13:54:40","8","default","139783136","OXY_CH8","11.549","min","78.263","μmol/L","Humid","21.891","deg","143223","µV","30.045","°C","1017.000","hPa","0.0","pmil","0","55.292","deg","20.000","°C","100.000","μmol/L","21.658","deg","20.000","°C","1013.000","hPa","0.825","-0.013","0.000365","-0.00015","0","10","Humid","29.05","0","27.30","277399.83","SABD0002000026","AAV2.0.0.13","4.0.0.2353","PSt7-10","221103-017","5/25/2023 1:31:44 PM","0000-00","0","no battery","V","353819","µV","","µV"
"06/13/2023","13:54:43","8","default","139783136","OXY_CH8","11.599","min","78.253","μmol/L","Humid","21.891","deg","143219","µV","30.051","°C","1017.000","hPa","0.0","pmil","0","55.292","deg","20.000","°C","100.000","μmol/L","21.658","deg","20.000","°C","1013.000","hPa","0.825","-0.013","0.000365","-0.00015","0","10","Humid","29.05","0","27.30","277396.83","SABD0002000026","AAV2.0.0.13","4.0.0.2353","PSt7-10","221103-017","5/25/2023 1:31:44 PM","0000-00","0","no battery","V","353819","µV","","µV"
"06/13/2023","13:54:46","8","default","139783136","OXY_CH8","11.649","min","78.269","μmol/L","Humid","21.890","deg","143211","µV","30.045","°C","1017.000","hPa","0.0","pmil","0","55.292","deg","20.000","°C","100.000","μmol/L","21.658","deg","20.000","°C","1013.000","hPa","0.825","-0.013","0.000365","-0.00015","0","10","Humid","29.05","0","27.30","277395.32","SABD0002000026","AAV2.0.0.13","4.0.0.2353","PSt7-10","221103-017","5/25/2023 1:31:44 PM","0000-00","0","no battery","V","353819","µV","","µV"
"06/13/2023","13:54:49","8","default","139783136","OXY_CH8","11.699","min","78.263","μmol/L","Humid","21.891","deg","143210","µV","30.045","°C","1017.000","hPa","0.0","pmil","0","55.292","deg","20.000","°C","100.000","μmol/L","21.658","deg","20.000","°C","1013.000","hPa","0.825","-0.013","0.000365","-0.00015","0","10","Humid","29.05","0","27.30","277385.10","SABD0002000026","AAV2.0.0.13","4.0.0.2353","PSt7-10","221103-017","5/25/2023 1:31:44 PM","0000-00","0","no battery","V","353819","µV","","µV"
"06/13/2023","13:54:52","8","default","139783136","OXY_CH8","11.750","min","78.249","μmol/L","Humid","21.893","deg","143209","µV","30.045","°C","1017.000","hPa","0.0","pmil","0","55.292","deg","20.000","°C","100.000","μmol/L","21.658","deg","20.000","°C","1013.000","hPa","0.825","-0.013","0.000365","-0.00015","0","10","Humid","29.05","0","27.30","277401.85","SABD0002000026","AAV2.0.0.13","4.0.0.2353","PSt7-10","221103-017","5/25/2023 1:31:44 PM","0000-00","0","no battery","V","353819","µV","","µV"
"06/13/2023","13:54:55","8","default","139783136","OXY_CH8","11.799","min","78.269","μmol/L","Humid","21.890","deg","143200","µV","30.045","°C","1017.000","hPa","0.0","pmil","0","55.292","deg","20.000","°C","100.000","μmol/L","21.658","deg","20.000","°C","1013.000","hPa","0.825","-0.013","0.000365","-0.00015","0","10","Humid","29.05","0","27.30","277389.76","SABD0002000026","AAV2.0.0.13","4.0.0.2353","PSt7-10","221103-017","5/25/2023 1:31:44 PM","0000-00","0","no battery","V","353819","µV","","µV"
"06/13/2023","13:54:58","8","default","139783136","OXY_CH8","11.849","min","78.273","μmol/L","Humid","21.891","deg","143195","µV","30.039","°C","1017.000","hPa","0.0","pmil","0","55.292","deg","20.000","°C","100.000","μmol/L","21.658","deg","20.000","°C","1013.000","hPa","0.825","-0.013","0.000365","-0.00015","0","10","Humid","29.05","0","27.30","277387.83","SABD0002000026","AAV2.0.0.13","4.0.0.2353","PSt7-10","221103-017","5/25/2023 1:31:44 PM","0000-00","0","no battery","V","353819","µV","","µV"
"06/13/2023","13:55:01","8","default","139783136","OXY_CH8","11.900","min","78.263","μmol/L","Humid","21.891","deg","143193","µV","30.045","°C","1017.000","hPa","0.0","pmil","0","55.292","deg","20.000","°C","100.000","μmol/L","21.658","deg","20.000","°C","1013.000","hPa","0.825","-0.013","0.000365","-0.00015","0","10","Humid","29.05","0","27.30","277381.29","SABD0002000026","AAV2.0.0.13","4.0.0.2353","PSt7-10","221103-017","5/25/2023 1:31:44 PM","0000-00","0","no battery","V","353819","µV","","µV"
"06/13/2023","13:55:04","8","default","139783136","OXY_CH8","11.949","min","78.300","μmol/L","Humid","21.890","deg","143190","µV","30.026","°C","1017.000","hPa","0.0","pmil","0","55.292","deg","20.000","°C","100.000","μmol/L","21.658","deg","20.000","°C","1013.000","hPa","0.825","-0.013","0.000365","-0.00015","0","10","Humid","29.05","0","27.30","277381.51","SABD0002000026","AAV2.0.0.13","4.0.0.2353","PSt7-10","221103-017","5/25/2023 1:31:44 PM","0000-00","0","no battery","V","353819","µV","","µV"
"06/13/2023","13:55:07","8","default","139783136","OXY_CH8","11.999","min","78.266","μmol/L","Humid","21.892","deg","143188","µV","30.039","°C","1017.000","hPa","0.0","pmil","0","55.292","deg","20.000","°C","100.000","μmol/L","21.658","deg","20.000","°C","1013.000","hPa","0.825","-0.013","0.000365","-0.00015","0","10","Humid","29.05","0","27.30","277381.74","SABD0002000026","AAV2.0.0.13","4.0.0.2353","PSt7-10","221103-017","5/25/2023 1:31:44 PM","0000-00","0","no battery","V","353819","µV","","µV"
"06/13/2023","13:55:10","8","default","139783136","OXY_CH8","12.049","min","78.280","μmol/L","Humid","21.890","deg","143176","µV","30.039","°C","1017.000","hPa","0.0","pmil","0","55.292","deg","20.000","°C","100.000","μmol/L","21.658","deg","20.000","°C","1013.000","hPa","0.825","-0.013","0.000365","-0.00015","0","10","Humid","29.05","0","27.30","277374.90","SABD0002000026","AAV2.0.0.13","4.0.0.2353","PSt7-10","221103-017","5/25/2023 1:31:44 PM","0000-00","0","no battery","V","353819","µV","","µV"
"06/13/2023","13:55:13","8","default","139783136","OXY_CH8","12.099","min","78.310","μmol/L","Humid","21.887","deg","143179","µV","30.033","°C","1017.000","hPa","0.0","pmil","0","55.292","deg","20.000","°C","100.000","μmol/L","21.658","deg","20.000","°C","1013.000","hPa","0.825","-0.013","0.000365","-0.00015","0","10","Humid","29.05","0","27.30","277380.24","SABD0002000026","AAV2.0.0.13","4.0.0.2353","PSt7-10","221103-017","5/25/2023 1:31:44 PM","0000-00","0","no battery","V","353819","µV","","µV"
"06/13/2023","13:55:16","8","default","139783136","OXY_CH8","12.149","min","78.290","μmol/L","Humid","21.890","deg","143188","µV","30.033","°C","1017.000","hPa","0.0","pmil","0","55.292","deg","20.000","°C","100.000","μmol/L","21.658","deg","20.000","°C","1013.000","hPa","0.825","-0.013","0.000365","-0.00015","0","10","Humid","29.05","0","27.30","277378.98","SABD0002000026","AAV2.0.0.13","4.0.0.2353","PSt7-10","221103-017","5/25/2023 1:31:44 PM","0000-00","0","no battery","V","353819","µV","","µV"
"06/13/2023","13:55:19","8","default","139783136","OXY_CH8","12.199","min","78.293","μmol/L","Humid","21.891","deg","143178","µV","30.026","°C","1017.000","hPa","0.0","pmil","0","55.292","deg","20.000","°C","100.000","μmol/L","21.658","deg","20.000","°C","1013.000","hPa","0.825","-0.013","0.000365","-0.00015","0","10","Humid","29.05","0","27.30","277374.66","SABD0002000026","AAV2.0.0.13","4.0.0.2353","PSt7-10","221103-017","5/25/2023 1:31:44 PM","0000-00","0","no battery","V","353819","µV","","µV"
"06/13/2023","13:55:22","8","default","139783136","OXY_CH8","12.249","min","78.276","μmol/L","Humid","21.892","deg","143165","µV","30.033","°C","1017.000","hPa","0.0","pmil","0","55.292","deg","20.000","°C","100.000","μmol/L","21.658","deg","20.000","°C","1013.000","hPa","0.825","-0.013","0.000365","-0.00015","0","10","Humid","29.05","0","27.30","277367.82","SABD0002000026","AAV2.0.0.13","4.0.0.2353","PSt7-10","221103-017","5/25/2023 1:31:44 PM","0000-00","0","no battery","V","353819","µV","","µV"
"06/13/2023","13:55:25","8","default","139783136","OXY_CH8","12.299","min","78.300","μmol/L","Humid","21.890","deg","143166","µV","30.026","°C","1017.000","hPa","0.0","pmil","0","55.292","deg","20.000","°C","100.000","μmol/L","21.658","deg","20.000","°C","1013.000","hPa","0.825","-0.013","0.000365","-0.00015","0","10","Humid","29.05","0","27.30","277368.09","SABD0002000026","AAV2.0.0.13","4.0.0.2353","PSt7-10","221103-017","5/25/2023 1:31:44 PM","0000-00","0","no battery","V","353819","µV","","µV"
"06/13/2023","13:55:28","8","default","139783136","OXY_CH8","12.349","min","78.330","μmol/L","Humid","21.887","deg","143170","µV","30.020","°C","1017.000","hPa","0.0","pmil","0","55.292","deg","20.000","°C","100.000","μmol/L","21.658","deg","20.000","°C","1013.000","hPa","0.825","-0.013","0.000365","-0.00015","0","10","Humid","29.05","0","27.30","277363.98","SABD0002000026","AAV2.0.0.13","4.0.0.2353","PSt7-10","221103-017","5/25/2023 1:31:44 PM","0000-00","0","no battery","V","353819","µV","","µV"
"06/13/2023","13:55:31","8","default","139783136","OXY_CH8","12.399","min","78.327","μmol/L","Humid","21.886","deg","143156","µV","30.026","°C","1017.000","hPa","0.0","pmil","0","55.292","deg","20.000","°C","100.000","μmol/L","21.658","deg","20.000","°C","1013.000","hPa","0.825","-0.013","0.000365","-0.00015","0","10","Humid","29.05","0","27.30","277357.84","SABD0002000026","AAV2.0.0.13","4.0.0.2353","PSt7-10","221103-017","5/25/2023 1:31:44 PM","0000-00","0","no battery","V","353819","µV","","µV"
"06/13/2023","13:55:34","8","default","139783136","OXY_CH8","12.449","min","78.300","μmol/L","Humid","21.890","deg","143162","µV","30.026","°C","1017.000","hPa","0.0","pmil","0","55.292","deg","20.000","°C","100.000","μmol/L","21.658","deg","20.000","°C","1013.000","hPa","0.825","-0.013","0.000365","-0.00015","0","10","Humid","29.05","0","27.30","277373.18","SABD0002000026","AAV2.0.0.13","4.0.0.2353","PSt7-10","221103-017","5/25/2023 1:31:44 PM","0000-00","0","no battery","V","353819","µV","","µV"
"06/13/2023","13:55:37","8","default","139783136","OXY_CH8","12.500","min","78.320","μmol/L","Humid","21.890","deg","143146","µV","30.014","°C","1017.000","hPa","0.0","pmil","0","55.292","deg","20.000","°C","100.000","μmol/L","21.658","deg","20.000","°C","1013.000","hPa","0.825","-0.013","0.000365","-0.00015","0","10","Humid","29.05","0","27.30","277363.34","SABD0002000026","AAV2.0.0.13","4.0.0.2353","PSt7-10","221103-017","5/25/2023 1:31:44 PM","0000-00","0","no battery","V","353819","µV","","µV"
"06/13/2023","13:55:40","8","default","139783136","OXY_CH8","12.549","min","78.320","μmol/L","Humid","21.887","deg","143150","µV","30.026","°C","1017.000","hPa","0.0","pmil","0","55.292","deg","20.000","°C","100.000","μmol/L","21.658","deg","20.000","°C","1013.000","hPa","0.825","-0.013","0.000365","-0.00015","0","10","Humid","29.05","0","27.30","277347.62","SABD0002000026","AAV2.0.0.13","4.0.0.2353","PSt7-10","221103-017","5/25/2023 1:31:44 PM","0000-00","0","no battery","V","353819","µV","","µV"
"06/13/2023","13:55:43","8","default","139783136","OXY_CH8","12.599","min","78.303","μmol/L","Humid","21.891","deg","143142","µV","30.020","°C","1017.000","hPa","0.0","pmil","0","55.292","deg","20.000","°C","100.000","μmol/L","21.658","deg","20.000","°C","1013.000","hPa","0.825","-0.013","0.000365","-0.00015","0","10","Humid","29.05","0","27.30","277351.63","SABD0002000026","AAV2.0.0.13","4.0.0.2353","PSt7-10","221103-017","5/25/2023 1:31:44 PM","0000-00","0","no battery","V","353819","µV","","µV"
"06/13/2023","13:55:46","8","default","139783136","OXY_CH8","12.649","min","78.324","μmol/L","Humid","21.888","deg","143137","µV","30.020","°C","1017.000","hPa","0.0","pmil","0","55.292","deg","20.000","°C","100.000","μmol/L","21.658","deg","20.000","°C","1013.000","hPa","0.825","-0.013","0.000365","-0.00015","0","10","Humid","29.05","0","27.30","277349.68","SABD0002000026","AAV2.0.0.13","4.0.0.2353","PSt7-10","221103-017","5/25/2023 1:31:44 PM","0000-00","0","no battery","V","353819","µV","","µV"
"06/13/2023","13:55:49","8","default","139783136","OXY_CH8","12.699","min","78.324","μmol/L","Humid","21.888","deg","143128","µV","30.020","°C","1017.000","hPa","0.0","pmil","0","55.292","deg","20.000","°C","100.000","μmol/L","21.658","deg","20.000","°C","1013.000","hPa","0.825","-0.013","0.000365","-0.00015","0","10","Humid","29.05","0","27.30","277352.22","SABD0002000026","AAV2.0.0.13","4.0.0.2353","PSt7-10","221103-017","5/25/2023 1:31:44 PM","0000-00","0","no battery","V","353819","µV","","µV"
"06/13/2023","13:55:52","8","default","139783136","OXY_CH8","12.749","min","78.313","μmol/L","Humid","21.888","deg","143133","µV","30.026","°C","1017.000","hPa","0.0","pmil","0","55.292","deg","20.000","°C","100.000","μmol/L","21.658","deg","20.000","°C","1013.000","hPa","0.825","-0.013","0.000365","-0.00015","0","10","Humid","29.05","0","27.30","277353.92","SABD0002000026","AAV2.0.0.13","4.0.0.2353","PSt7-10","221103-017","5/25/2023 1:31:44 PM","0000-00","0","no battery","V","353819","µV","","µV"
"06/13/2023","13:55:55","8","default","139783136","OXY_CH8","12.799","min","78.337","μmol/L","Humid","21.886","deg","143123","µV","30.020","°C","1017.000","hPa","0.0","pmil","0","55.292","deg","20.000","°C","100.000","μmol/L","21.658","deg","20.000","°C","1013.000","hPa","0.825","-0.013","0.000365","-0.00015","0","10","Humid","29.05","0","27.30","277340.51","SABD0002000026","AAV2.0.0.13","4.0.0.2353","PSt7-10","221103-017","5/25/2023 1:31:44 PM","0000-00","0","no battery","V","353819","µV","","µV"
"06/13/2023","13:55:58","8","default","139783136","OXY_CH8","12.849","min","78.344","μmol/L","Humid","21.885","deg","143124","µV","30.020","°C","1017.000","hPa","0.0","pmil","0","55.292","deg","20.000","°C","100.000","μmol/L","21.658","deg","20.000","°C","1013.000","hPa","0.825","-0.013","0.000365","-0.00015","0","10","Humid","29.05","0","27.30","277349.05","SABD0002000026","AAV2.0.0.13","4.0.0.2353","PSt7-10","221103-017","5/25/2023 1:31:44 PM","0000-00","0","no battery","V","353819","µV","","µV"
"06/13/2023","13:56:01","8","default","139783136","OXY_CH8","12.899","min","78.334","μmol/L","Humid","21.888","deg","143121","µV","30.014","°C","1017.000","hPa","0.0","pmil","0","55.292","deg","20.000","°C","100.000","μmol/L","21.658","deg","20.000","°C","1013.000","hPa","0.825","-0.013","0.000365","-0.00015","0","10","Humid","29.05","0","27.30","277356.49","SABD0002000026","AAV2.0.0.13","4.0.0.2353","PSt7-10","221103-017","5/25/2023 1:31:44 PM","0000-00","0","no battery","V","353819","µV","","µV"
"06/13/2023","13:56:04","8","default","139783136","OXY_CH8","12.949","min","78.340","μmol/L","Humid","21.887","deg","143105","µV","30.014","°C","1017.000","hPa","0.0","pmil","0","55.292","deg","20.000","°C","100.000","μmol/L","21.658","deg","20.000","°C","1013.000","hPa","0.825","-0.013","0.000365","-0.00015","0","10","Humid","29.05","0","27.30","277344.22","SABD0002000026","AAV2.0.0.13","4.0.0.2353","PSt7-10","221103-017","5/25/2023 1:31:44 PM","0000-00","0","no battery","V","353819","µV","","µV"
"06/13/2023","13:56:07","8","default","139783136","OXY_CH8","13.000","min","78.371","μmol/L","Humid","21.884","deg","143115","µV","30.008","°C","1017.000","hPa","0.0","pmil","0","55.292","deg","20.000","°C","100.000","μmol/L","21.658","deg","20.000","°C","1013.000","hPa","0.825","-0.013","0.000365","-0.00015","0","10","Humid","29.05","0","27.30","277355.24","SABD0002000026","AAV2.0.0.13","4.0.0.2353","PSt7-10","221103-017","5/25/2023 1:31:44 PM","0000-00","0","no battery","V","353819","µV","","µV"
"06/13/2023","13:56:10","8","default","139783136","OXY_CH8","13.050","min","78.371","μmol/L","Humid","21.884","deg","143113","µV","30.008","°C","1017.000","hPa","0.0","pmil","0","55.292","deg","20.000","°C","100.000","μmol/L","21.658","deg","20.000","°C","1013.000","hPa","0.825","-0.013","0.000365","-0.00015","0","10","Humid","29.05","0","27.30","277355.34","SABD0002000026","AAV2.0.0.13","4.0.0.2353","PSt7-10","221103-017","5/25/2023 1:31:44 PM","0000-00","0","no battery","V","353819","µV","","µV"
"06/13/2023","13:56:13","8","default","139783136","OXY_CH8","13.099","min","78.334","μmol/L","Humid","21.888","deg","143102","µV","30.014","°C","1017.000","hPa","0.0","pmil","0","55.292","deg","20.000","°C","100.000","μmol/L","21.658","deg","20.000","°C","1013.000","hPa","0.825","-0.013","0.000365","-0.00015","0","10","Humid","29.05","0","27.30","277338.35","SABD0002000026","AAV2.0.0.13","4.0.0.2353","PSt7-10","221103-017","5/25/2023 1:31:44 PM","0000-00","0","no battery","V","353819","µV","","µV"
"06/13/2023","13:56:16","8","default","139783136","OXY_CH8","13.149","min","78.364","μmol/L","Humid","21.885","deg","143102","µV","30.008","°C","1017.000","hPa","0.0","pmil","0","55.292","deg","20.000","°C","100.000","μmol/L","21.658","deg","20.000","°C","1013.000","hPa","0.825","-0.013","0.000365","-0.00015","0","10","Humid","29.05","0","27.30","277337.87","SABD0002000026","AAV2.0.0.13","4.0.0.2353","PSt7-10","221103-017","5/25/2023 1:31:44 PM","0000-00","0","no battery","V","353819","µV","","µV"
"06/13/2023","13:56:19","8","default","139783136","OXY_CH8","13.199","min","78.354","μmol/L","Humid","21.888","deg","143092","µV","30.002","°C","1017.000","hPa","0.0","pmil","0","55.292","deg","20.000","°C","100.000","μmol/L","21.658","deg","20.000","°C","1013.000","hPa","0.825","-0.013","0.000365","-0.00015","0","10","Humid","29.05","0","27.30","277345.18","SABD0002000026","AAV2.0.0.13","4.0.0.2353","PSt7-10","221103-017","5/25/2023 1:31:44 PM","0000-00","0","no battery","V","353819","µV","","µV"
"06/13/2023","13:56:22","8","default","139783136","OXY_CH8","13.249","min","78.334","μmol/L","Humid","21.888","deg","143096","µV","30.014","°C","1017.000","hPa","0.0","pmil","0","55.292","deg","20.000","°C","100.000","μmol/L","21.658","deg","20.000","°C","1013.000","hPa","0.825","-0.013","0.000365","-0.00015","0","10","Humid","29.05","0","27.30","277339.37","SABD0002000026","AAV2.0.0.13","4.0.0.2353","PSt7-10","221103-017","5/25/2023 1:31:44 PM","0000-00","0","no battery","V","353819","µV","","µV"
"06/13/2023","13:56:25","8","default","139783136","OXY_CH8","13.299","min","78.361","μmol/L","Humid","21.884","deg","143092","µV","30.014","°C","1017.000","hPa","0.0","pmil","0","55.292","deg","20.000","°C","100.000","μmol/L","21.658","deg","20.000","°C","1013.000","hPa","0.825","-0.013","0.000365","-0.00015","0","10","Humid","29.05","0","27.30","277352.24","SABD0002000026","AAV2.0.0.13","4.0.0.2353","PSt7-10","221103-017","5/25/2023 1:31:44 PM","0000-00","0","no battery","V","353819","µV","","µV"
"06/13/2023","13:56:28","8","default","139783136","OXY_CH8","13.349","min","78.354","μmol/L","Humid","21.885","deg","143091","µV","30.014","°C","1017.000","hPa","0.0","pmil","0","55.292","deg","20.000","°C","100.000","μmol/L","21.658","deg","20.000","°C","1013.000","hPa","0.825","-0.013","0.000365","-0.00015","0","10","Humid","29.05","0","27.30","277341.32","SABD0002000026","AAV2.0.0.13","4.0.0.2353","PSt7-10","221103-017","5/25/2023 1:31:44 PM","0000-00","0","no battery","V","353819","µV","","µV"
"06/13/2023","13:56:31","8","default","139783136","OXY_CH8","13.400","min","78.374","μmol/L","Humid","21.885","deg","143081","µV","30.002","°C","1017.000","hPa","0.0","pmil","0","55.292","deg","20.000","°C","100.000","μmol/L","21.658","deg","20.000","°C","1013.000","hPa","0.825","-0.013","0.000365","-0.00015","0","10","Humid","29.05","0","27.30","277332.47","SABD0002000026","AAV2.0.0.13","4.0.0.2353","PSt7-10","221103-017","5/25/2023 1:31:44 PM","0000-00","0","no battery","V","353819","µV","","µV"
"06/13/2023","13:56:34","8","default","139783136","OXY_CH8","13.449","min","78.344","μmol/L","Humid","21.888","deg","143074","µV","30.008","°C","1017.000","hPa","0.0","pmil","0","55.292","deg","20.000","°C","100.000","μmol/L","21.658","deg","20.000","°C","1013.000","hPa","0.825","-0.013","0.000365","-0.00015","0","10","Humid","29.05","0","27.30","277350.54","SABD0002000026","AAV2.0.0.13","4.0.0.2353","PSt7-10","221103-017","5/25/2023 1:31:44 PM","0000-00","0","no battery","V","353819","µV","","µV"
"06/13/2023","13:56:37","8","default","139783136","OXY_CH8","13.499","min","78.374","μmol/L","Humid","21.885","deg","143069","µV","30.002","°C","1017.000","hPa","0.0","pmil","0","55.292","deg","20.000","°C","100.000","μmol/L","21.658","deg","20.000","°C","1013.000","hPa","0.825","-0.013","0.000365","-0.00015","0","10","Humid","29.05","0","27.30","277326.22","SABD0002000026","AAV2.0.0.13","4.0.0.2353","PSt7-10","221103-017","5/25/2023 1:31:44 PM","0000-00","0","no battery","V","353819","µV","","µV"
"06/13/2023","13:56:40","8","default","139783136","OXY_CH8","13.549","min","78.381","μmol/L","Humid","21.884","deg","143060","µV","30.002","°C","1017.000","hPa","0.0","pmil","0","55.292","deg","20.000","°C","100.000","μmol/L","21.658","deg","20.000","°C","1013.000","hPa","0.825","-0.013","0.000365","-0.00015","0","10","Humid","29.05","0","27.30","277325.22","SABD0002000026","AAV2.0.0.13","4.0.0.2353","PSt7-10","221103-017","5/25/2023 1:31:44 PM","0000-00","0","no battery","V","353819","µV","","µV"
"06/13/2023","13:56:43","8","default","139783136","OXY_CH8","13.599","min","78.412","μmol/L","Humid","21.881","deg","143069","µV","29.996","°C","1017.000","hPa","0.0","pmil","0","55.292","deg","20.000","°C","100.000","μmol/L","21.658","deg","20.000","°C","1013.000","hPa","0.825","-0.013","0.000365","-0.00015","0","10","Humid","29.05","0","27.30","277316.45","SABD0002000026","AAV2.0.0.13","4.0.0.2353","PSt7-10","221103-017","5/25/2023 1:31:44 PM","0000-00","0","no battery","V","353819","µV","","µV"
"06/13/2023","13:56:46","8","default","139783136","OXY_CH8","13.649","min","78.378","μmol/L","Humid","21.883","deg","143060","µV","30.008","°C","1017.000","hPa","0.0","pmil","0","55.292","deg","20.000","°C","100.000","μmol/L","21.658","deg","20.000","°C","1013.000","hPa","0.825","-0.013","0.000365","-0.00015","0","10","Humid","29.05","0","27.30","277328.32","SABD0002000026","AAV2.0.0.13","4.0.0.2353","PSt7-10","221103-017","5/25/2023 1:31:44 PM","0000-00","0","no battery","V","353819","µV","","µV"
"06/13/2023","13:56:49","8","default","139783136","OXY_CH8","13.699","min","78.371","μmol/L","Humid","21.884","deg","143058","µV","30.008","°C","1017.000","hPa","0.0","pmil","0","55.292","deg","20.000","°C","100.000","μmol/L","21.658","deg","20.000","°C","1013.000","hPa","0.825","-0.013","0.000365","-0.00015","0","10","Humid","29.05","0","27.30","277313.78","SABD0002000026","AAV2.0.0.13","4.0.0.2353","PSt7-10","221103-017","5/25/2023 1:31:44 PM","0000-00","0","no battery","V","353819","µV","","µV"
"06/13/2023","13:56:52","8","default","139783136","OXY_CH8","13.749","min","78.398","μmol/L","Humid","21.883","deg","143060","µV","29.996","°C","1017.000","hPa","0.0","pmil","0","55.292","deg","20.000","°C","100.000","μmol/L","21.658","deg","20.000","°C","1013.000","hPa","0.825","-0.013","0.000365","-0.00015","0","10","Humid","29.05","0","27.30","277331.74","SABD0002000026","AAV2.0.0.13","4.0.0.2353","PSt7-10","221103-017","5/25/2023 1:31:44 PM","0000-00","0","no battery","V","353819","µV","","µV"
"06/13/2023","13:56:55","8","default","139783136","OXY_CH8","13.799","min","78.381","μmol/L","Humid","21.884","deg","143063","µV","30.002","°C","1017.000","hPa","0.0","pmil","0","55.292","deg","20.000","°C","100.000","μmol/L","21.658","deg","20.000","°C","1013.000","hPa","0.825","-0.013","0.000365","-0.00015","0","10","Humid","29.05","0","27.30","277327.77","SABD0002000026","AAV2.0.0.13","4.0.0.2353","PSt7-10","221103-017","5/25/2023 1:31:44 PM","0000-00","0","no battery","V","353819","µV","","µV"
"06/13/2023","13:56:58","8","default","139783136","OXY_CH8","13.849","min","78.405","μmol/L","Humid","21.882","deg","143057","µV","29.996","°C","1017.000","hPa","0.0","pmil","0","55.292","deg","20.000","°C","100.000","μmol/L","21.658","deg","20.000","°C","1013.000","hPa","0.825","-0.013","0.000365","-0.00015","0","10","Humid","29.05","0","27.30","277326.02","SABD0002000026","AAV2.0.0.13","4.0.0.2353","PSt7-10","221103-017","5/25/2023 1:31:44 PM","0000-00","0","no battery","V","353819","µV","","µV"
"06/13/2023","13:57:01","8","default","139783136","OXY_CH8","13.899","min","78.395","μmol/L","Humid","21.882","deg","143059","µV","30.002","°C","1017.000","hPa","0.0","pmil","0","55.292","deg","20.000","°C","100.000","μmol/L","21.658","deg","20.000","°C","1013.000","hPa","0.825","-0.013","0.000365","-0.00015","0","10","Humid","29.05","0","27.30","277321.35","SABD0002000026","AAV2.0.0.13","4.0.0.2353","PSt7-10","221103-017","5/25/2023 1:31:44 PM","0000-00","0","no battery","V","353819","µV","","µV"
"06/13/2023","13:57:04","8","default","139783136","OXY_CH8","13.949","min","78.408","μmol/L","Humid","21.883","deg","143054","µV","29.990","°C","1017.000","hPa","0.0","pmil","0","55.292","deg","20.000","°C","100.000","μmol/L","21.658","deg","20.000","°C","1013.000","hPa","0.825","-0.013","0.000365","-0.00015","0","10","Humid","29.05","0","27.30","277312.74","SABD0002000026","AAV2.0.0.13","4.0.0.2353","PSt7-10","221103-017","5/25/2023 1:31:44 PM","0000-00","0","no battery","V","353819","µV","","µV"
"06/13/2023","13:57:07","8","default","139783136","OXY_CH8","13.999","min","78.378","μmol/L","Humid","21.886","deg","143056","µV","29.996","°C","1017.000","hPa","0.0","pmil","0","55.292","deg","20.000","°C","100.000","μmol/L","21.658","deg","20.000","°C","1013.000","hPa","0.825","-0.013","0.000365","-0.00015","0","10","Humid","29.05","0","27.30","277326.64","SABD0002000026","AAV2.0.0.13","4.0.0.2353","PSt7-10","221103-017","5/25/2023 1:31:44 PM","0000-00","0","no battery","V","353819","µV","","µV"
"06/13/2023","13:57:10","8","default","139783136","OXY_CH8","14.049","min","78.384","μmol/L","Humid","21.885","deg","143051","µV","29.996","°C","1017.000","hPa","0.0","pmil","0","55.292","deg","20.000","°C","100.000","μmol/L","21.658","deg","20.000","°C","1013.000","hPa","0.825","-0.013","0.000365","-0.00015","0","10","Humid","29.05","0","27.30","277323.57","SABD0002000026","AAV2.0.0.13","4.0.0.2353","PSt7-10","221103-017","5/25/2023 1:31:44 PM","0000-00","0","no battery","V","353819","µV","","µV"
"06/13/2023","13:57:13","8","default","139783136","OXY_CH8","14.099","min","78.415","μmol/L","Humid","21.882","deg","143042","µV","29.990","°C","1017.000","hPa","0.0","pmil","0","55.292","deg","20.000","°C","100.000","μmol/L","21.658","deg","20.000","°C","1013.000","hPa","0.825","-0.013","0.000365","-0.00015","0","10","Humid","29.05","0","27.30","277314.87","SABD0002000026","AAV2.0.0.13","4.0.0.2353","PSt7-10","221103-017","5/25/2023 1:31:44 PM","0000-00","0","no battery","V","353819","µV","","µV"
"06/13/2023","13:57:16","8","default","139783136","OXY_CH8","14.149","min","78.412","μmol/L","Humid","21.884","deg","143027","µV","29.983","°C","1017.000","hPa","0.0","pmil","0","55.292","deg","20.000","°C","100.000","μmol/L","21.658","deg","20.000","°C","1013.000","hPa","0.825","-0.013","0.000365","-0.00015","0","10","Humid","29.05","0","27.30","277308.89","SABD0002000026","AAV2.0.0.13","4.0.0.2353","PSt7-10","221103-017","5/25/2023 1:31:44 PM","0000-00","0","no battery","V","353819","µV","","µV"
"06/13/2023","13:57:19","8","default","139783136","OXY_CH8","14.199","min","78.428","μmol/L","Humid","21.880","deg","143026","µV","29.990","°C","1017.000","hPa","0.0","pmil","0","55.292","deg","20.000","°C","100.000","μmol/L","21.658","deg","20.000","°C","1013.000","hPa","0.825","-0.013","0.000365","-0.00015","0","10","Humid","29.05","0","27.30","277321.59","SABD0002000026","AAV2.0.0.13","4.0.0.2353","PSt7-10","221103-017","5/25/2023 1:31:44 PM","0000-00","0","no battery","V","353819","µV","","µV"
"06/13/2023","13:57:22","8","default","139783136","OXY_CH8","14.249","min","78.415","μmol/L","Humid","21.882","deg","143015","µV","29.990","°C","1017.000","hPa","0.0","pmil","0","55.292","deg","20.000","°C","100.000","μmol/L","21.658","deg","20.000","°C","1013.000","hPa","0.825","-0.013","0.000365","-0.00015","0","10","Humid","29.05","0","27.30","277299.48","SABD0002000026","AAV2.0.0.13","4.0.0.2353","PSt7-10","221103-017","5/25/2023 1:31:44 PM","0000-00","0","no battery","V","353819","µV","","µV"
"06/13/2023","13:57:25","8","default","139783136","OXY_CH8","14.299","min","78.415","μmol/L","Humid","21.882","deg","143018","µV","29.990","°C","1017.000","hPa","0.0","pmil","0","55.292","deg","20.000","°C","100.000","μmol/L","21.658","deg","20.000","°C","1013.000","hPa","0.825","-0.013","0.000365","-0.00015","0","10","Humid","29.05","0","27.30","277306.58","SABD0002000026","AAV2.0.0.13","4.0.0.2353","PSt7-10","221103-017","5/25/2023 1:31:44 PM","0000-00","0","no battery","V","353819","µV","","µV"
"06/13/2023","13:57:28","8","default","139783136","OXY_CH8","14.349","min","78.422","μmol/L","Humid","21.881","deg","143014","µV","29.990","°C","1017.000","hPa","0.0","pmil","0","55.292","deg","20.000","°C","100.000","μmol/L","21.658","deg","20.000","°C","1013.000","hPa","0.825","-0.013","0.000365","-0.00015","0","10","Humid","29.05","0","27.30","277293.59","SABD0002000026","AAV2.0.0.13","4.0.0.2353","PSt7-10","221103-017","5/25/2023 1:31:44 PM","0000-00","0","no battery","V","353819","µV","","µV"
"06/13/2023","13:57:31","8","default","139783136","OXY_CH8","14.399","min","78.432","μmol/L","Humid","21.881","deg","143012","µV","29.983","°C","1017.000","hPa","0.0","pmil","0","55.292","deg","20.000","°C","100.000","μmol/L","21.658","deg","20.000","°C","1013.000","hPa","0.825","-0.013","0.000365","-0.00015","0","10","Humid","29.05","0","27.30","277299.91","SABD0002000026","AAV2.0.0.13","4.0.0.2353","PSt7-10","221103-017","5/25/2023 1:31:44 PM","0000-00","0","no battery","V","353819","µV","","µV"
"06/13/2023","13:57:34","8","default","139783136","OXY_CH8","14.449","min","78.432","μmol/L","Humid","21.881","deg","143009","µV","29.983","°C","1017.000","hPa","0.0","pmil","0","55.292","deg","20.000","°C","100.000","μmol/L","21.658","deg","20.000","°C","1013.000","hPa","0.825","-0.013","0.000365","-0.00015","0","10","Humid","29.05","0","27.30","277304.78","SABD0002000026","AAV2.0.0.13","4.0.0.2353","PSt7-10","221103-017","5/25/2023 1:31:44 PM","0000-00","0","no battery","V","353819","µV","","µV"
"06/13/2023","13:57:37","8","default","139783136","OXY_CH8","14.499","min","78.462","μmol/L","Humid","21.878","deg","143005","µV","29.977","°C","1017.000","hPa","0.0","pmil","0","55.292","deg","20.000","°C","100.000","μmol/L","21.658","deg","20.000","°C","1013.000","hPa","0.825","-0.013","0.000365","-0.00015","0","10","Humid","29.05","0","27.30","277306.36","SABD0002000026","AAV2.0.0.13","4.0.0.2353","PSt7-10","221103-017","5/25/2023 1:31:44 PM","0000-00","0","no battery","V","353819","µV","","µV"
"06/13/2023","13:57:40","8","default","139783136","OXY_CH8","14.549","min","78.435","μmol/L","Humid","21.882","deg","142995","µV","29.977","°C","1017.000","hPa","0.0","pmil","0","55.292","deg","20.000","°C","100.000","μmol/L","21.658","deg","20.000","°C","1013.000","hPa","0.825","-0.013","0.000365","-0.00015","0","10","Humid","29.05","0","27.30","277297.38","SABD0002000026","AAV2.0.0.13","4.0.0.2353","PSt7-10","221103-017","5/25/2023 1:31:44 PM","0000-00","0","no battery","V","353819","µV","","µV"
"06/13/2023","13:57:43","8","default","139783136","OXY_CH8","14.599","min","78.435","μmol/L","Humid","21.879","deg","143000","µV","29.990","°C","1017.000","hPa","0.0","pmil","0","55.292","deg","20.000","°C","100.000","μmol/L","21.658","deg","20.000","°C","1013.000","hPa","0.825","-0.013","0.000365","-0.00015","0","10","Humid","29.05","0","27.30","277303.14","SABD0002000026","AAV2.0.0.13","4.0.0.2353","PSt7-10","221103-017","5/25/2023 1:31:44 PM","0000-00","0","no battery","V","353819","µV","","µV"
"06/13/2023","13:57:46","8","default","139783136","OXY_CH8","14.649","min","78.432","μmol/L","Humid","21.881","deg","142994","µV","29.983","°C","1017.000","hPa","0.0","pmil","0","55.292","deg","20.000","°C","100.000","μmol/L","21.658","deg","20.000","°C","1013.000","hPa","0.825","-0.013","0.000365","-0.00015","0","10","Humid","29.05","0","27.30","277294.47","SABD0002000026","AAV2.0.0.13","4.0.0.2353","PSt7-10","221103-017","5/25/2023 1:31:44 PM","0000-00","0","no battery","V","353819","µV","","µV"
"06/13/2023","13:57:49","8","default","139783136","OXY_CH8","14.699","min","78.445","μmol/L","Humid","21.882","deg","142991","µV","29.971","°C","1017.000","hPa","0.0","pmil","0","55.292","deg","20.000","°C","100.000","μmol/L","21.658","deg","20.000","°C","1013.000","hPa","0.825","-0.013","0.000365","-0.00015","0","10","Humid","29.05","0","27.30","277293.60","SABD0002000026","AAV2.0.0.13","4.0.0.2353","PSt7-10","221103-017","5/25/2023 1:31:44 PM","0000-00","0","no battery","V","353819","µV","","µV"
"06/13/2023","13:57:52","8","default","139783136","OXY_CH8","14.749","min","78.452","μmol/L","Humid","21.881","deg","142975","µV","29.971","°C","1017.000","hPa","0.0","pmil","0","55.292","deg","20.000","°C","100.000","μmol/L","21.658","deg","20.000","°C","1013.000","hPa","0.825","-0.013","0.000365","-0.00015","0","10","Humid","29.05","0","27.30","277278.21","SABD0002000026","AAV2.0.0.13","4.0.0.2353","PSt7-10","221103-017","5/25/2023 1:31:44 PM","0000-00","0","no battery","V","353819","µV","","µV"
"06/13/2023","13:57:55","8","default","139783136","OXY_CH8","14.799","min","78.469","μmol/L","Humid","21.880","deg","142980","µV","29.965","°C","1017.000","hPa","0.0","pmil","0","55.292","deg","20.000","°C","100.000","μmol/L","21.658","deg","20.000","°C","1013.000","hPa","0.825","-0.013","0.000365","-0.00015","0","10","Humid","29.05","0","27.30","277296.56","SABD0002000026","AAV2.0.0.13","4.0.0.2353","PSt7-10","221103-017","5/25/2023 1:31:44 PM","0000-00","0","no battery","V","353819","µV","","µV"
"06/13/2023","13:57:58","8","default","139783136","OXY_CH8","14.849","min","78.425","μmol/L","Humid","21.882","deg","142984","µV","29.983","°C","1017.000","hPa","0.0","pmil","0","55.292","deg","20.000","°C","100.000","μmol/L","21.658","deg","20.000","°C","1013.000","hPa","0.825","-0.013","0.000365","-0.00015","0","10","Humid","29.05","0","27.30","277296.11","SABD0002000026","AAV2.0.0.13","4.0.0.2353","PSt7-10","221103-017","5/25/2023 1:31:44 PM","0000-00","0","no battery","V","353819","µV","","µV"
"06/13/2023","13:58:01","8","default","139783136","OXY_CH8","14.899","min","78.452","μmol/L","Humid","21.878","deg","142976","µV","29.983","°C","1017.000","hPa","0.0","pmil","0","55.292","deg","20.000","°C","100.000","μmol/L","21.658","deg","20.000","°C","1013.000","hPa","0.825","-0.013","0.000365","-0.00015","0","10","Humid","29.05","0","27.30","277288.99","SABD0002000026","AAV2.0.0.13","4.0.0.2353","PSt7-10","221103-017","5/25/2023 1:31:44 PM","0000-00","0","no battery","V","353819","µV","","µV"
"06/13/2023","13:58:04","8","default","139783136","OXY_CH8","14.949","min","78.483","μmol/L","Humid","21.876","deg","142982","µV","29.971","°C","1016.000","hPa","0.0","pmil","0","55.292","deg","20.000","°C","100.000","μmol/L","21.658","deg","20.000","°C","1013.000","hPa","0.825","-0.013","0.000365","-0.00015","0","10","Humid","29.05","0","27.30","277289.85","SABD0002000026","AAV2.0.0.13","4.0.0.2353","PSt7-10","221103-017","5/25/2023 1:31:44 PM","0000-00","0","no battery","V","353819","µV","","µV"
"06/13/2023","13:58:07","8","default","139783136","OXY_CH8","14.999","min","78.476","μmol/L","Humid","21.876","deg","142962","µV","29.977","°C","1017.000","hPa","0.0","pmil","0","55.292","deg","20.000","°C","100.000","μmol/L","21.658","deg","20.000","°C","1013.000","hPa","0.825","-0.013","0.000365","-0.00015","0","10","Humid","29.05","0","27.30","277287.14","SABD0002000026","AAV2.0.0.13","4.0.0.2353","PSt7-10","221103-017","5/25/2023 1:31:44 PM","0000-00","0","no battery","V","353819","µV","","µV"
"06/13/2023","13:58:10","8","default","139783136","OXY_CH8","15.049","min","78.473","μmol/L","Humid","21.878","deg","142974","µV","29.971","°C","1017.000","hPa","0.0","pmil","0","55.292","deg","20.000","°C","100.000","μmol/L","21.658","deg","20.000","°C","1013.000","hPa","0.825","-0.013","0.000365","-0.00015","0","10","Humid","29.05","0","27.30","277280.44","SABD0002000026","AAV2.0.0.13","4.0.0.2353","PSt7-10","221103-017","5/25/2023 1:31:44 PM","0000-00","0","no battery","V","353819","µV","","µV"
"06/13/2023","13:58:13","8","default","139783136","OXY_CH8","15.099","min","78.462","μmol/L","Humid","21.878","deg","142975","µV","29.977","°C","1017.000","hPa","0.0","pmil","0","55.292","deg","20.000","°C","100.000","μmol/L","21.658","deg","20.000","°C","1013.000","hPa","0.825","-0.013","0.000365","-0.00015","0","10","Humid","29.05","0","27.30","277291.21","SABD0002000026","AAV2.0.0.13","4.0.0.2353","PSt7-10","221103-017","5/25/2023 1:31:44 PM","0000-00","0","no battery","V","353819","µV","","µV"
"06/13/2023","13:58:16","8","default","139783136","OXY_CH8","15.150","min","78.462","μmol/L","Humid","21.878","deg","142950","µV","29.977","°C","1017.000","hPa","0.0","pmil","0","55.292","deg","20.000","°C","100.000","μmol/L","21.658","deg","20.000","°C","1013.000","hPa","0.825","-0.013","0.000365","-0.00015","0","10","Humid","29.05","0","27.30","277271.95","SABD0002000026","AAV2.0.0.13","4.0.0.2353","PSt7-10","221103-017","5/25/2023 1:31:44 PM","0000-00","0","no battery","V","353819","µV","","µV"
"06/13/2023","13:58:19","8","default","139783136","OXY_CH8","15.199","min","78.479","μmol/L","Humid","21.877","deg","142951","µV","29.971","°C","1017.000","hPa","0.0","pmil","0","55.292","deg","20.000","°C","100.000","μmol/L","21.658","deg","20.000","°C","1013.000","hPa","0.825","-0.013","0.000365","-0.00015","0","10","Humid","29.05","0","27.30","277287.79","SABD0002000026","AAV2.0.0.13","4.0.0.2353","PSt7-10","221103-017","5/25/2023 1:31:44 PM","0000-00","0","no battery","V","353819","µV","","µV"
"06/13/2023","13:58:22","8","default","139783136","OXY_CH8","15.249","min","78.476","μmol/L","Humid","21.879","deg","142959","µV","29.965","°C","1017.000","hPa","0.0","pmil","0","55.292","deg","20.000","°C","100.000","μmol/L","21.658","deg","20.000","°C","1013.000","hPa","0.825","-0.013","0.000365","-0.00015","0","10","Humid","29.05","0","27.30","277295.67","SABD0002000026","AAV2.0.0.13","4.0.0.2353","PSt7-10","221103-017","5/25/2023 1:31:44 PM","0000-00","0","no battery","V","353819","µV","","µV"
"06/13/2023","13:58:25","8","default","139783136","OXY_CH8","15.299","min","78.462","μmol/L","Humid","21.878","deg","142953","µV","29.977","°C","1017.000","hPa","0.0","pmil","0","55.292","deg","20.000","°C","100.000","μmol/L","21.658","deg","20.000","°C","1013.000","hPa","0.825","-0.013","0.000365","-0.00015","0","10","Humid","29.05","0","27.30","277286.88","SABD0002000026","AAV2.0.0.13","4.0.0.2353","PSt7-10","221103-017","5/25/2023 1:31:44 PM","0000-00","0","no battery","V","353819","µV","","µV"
"06/13/2023","13:58:28","8","default","139783136","OXY_CH8","15.349","min","78.466","μmol/L","Humid","21.879","deg","142942","µV","29.971","°C","1017.000","hPa","0.0","pmil","0","55.292","deg","20.000","°C","100.000","μmol/L","21.658","deg","20.000","°C","1013.000","hPa","0.825","-0.013","0.000365","-0.00015","0","10","Humid","29.05","0","27.30","277270.48","SABD0002000026","AAV2.0.0.13","4.0.0.2353","PSt7-10","221103-017","5/25/2023 1:31:44 PM","0000-00","0","no battery","V","353819","µV","","µV"
"06/13/2023","13:58:31","8","default","139783136","OXY_CH8","15.399","min","78.476","μmol/L","Humid","21.879","deg","142931","µV","29.965","°C","1017.000","hPa","0.0","pmil","0","55.292","deg","20.000","°C","100.000","μmol/L","21.658","deg","20.000","°C","1013.000","hPa","0.825","-0.013","0.000365","-0.00015","0","10","Humid","29.05","0","27.30","277280.50","SABD0002000026","AAV2.0.0.13","4.0.0.2353","PSt7-10","221103-017","5/25/2023 1:31:44 PM","0000-00","0","no battery","V","353819","µV","","µV"
"06/13/2023","13:58:34","8","default","139783136","OXY_CH8","15.449","min","78.493","μmol/L","Humid","21.878","deg","142926","µV","29.959","°C","1017.000","hPa","0.0","pmil","0","55.292","deg","20.000","°C","100.000","μmol/L","21.658","deg","20.000","°C","1013.000","hPa","0.825","-0.013","0.000365","-0.00015","0","10","Humid","29.05","0","27.30","277281.45","SABD0002000026","AAV2.0.0.13","4.0.0.2353","PSt7-10","221103-017","5/25/2023 1:31:44 PM","0000-00","0","no battery","V","353819","µV","","µV"
"06/13/2023","13:58:37","8","default","139783136","OXY_CH8","15.499","min","78.493","μmol/L","Humid","21.878","deg","142919","µV","29.959","°C","1017.000","hPa","0.0","pmil","0","55.292","deg","20.000","°C","100.000","μmol/L","21.658","deg","20.000","°C","1013.000","hPa","0.825","-0.013","0.000365","-0.00015","0","10","Humid","29.05","0","27.30","277259.81","SABD0002000026","AAV2.0.0.13","4.0.0.2353","PSt7-10","221103-017","5/25/2023 1:31:44 PM","0000-00","0","no battery","V","353819","µV","","µV"
"06/13/2023","13:58:40","8","default","139783136","OXY_CH8","15.549","min","78.534","μmol/L","Humid","21.872","deg","142917","µV","29.959","°C","1017.000","hPa","0.0","pmil","0","55.292","deg","20.000","°C","100.000","μmol/L","21.658","deg","20.000","°C","1013.000","hPa","0.825","-0.013","0.000365","-0.00015","0","10","Humid","29.05","0","27.30","277261.10","SABD0002000026","AAV2.0.0.13","4.0.0.2353","PSt7-10","221103-017","5/25/2023 1:31:44 PM","0000-00","0","no battery","V","353819","µV","","µV"
"06/13/2023","13:58:43","8","default","139783136","OXY_CH8","15.599","min","78.503","μmol/L","Humid","21.875","deg","142918","µV","29.965","°C","1017.000","hPa","0.0","pmil","0","55.292","deg","20.000","°C","100.000","μmol/L","21.658","deg","20.000","°C","1013.000","hPa","0.825","-0.013","0.000365","-0.00015","0","10","Humid","29.05","0","27.30","277274.38","SABD0002000026","AAV2.0.0.13","4.0.0.2353","PSt7-10","221103-017","5/25/2023 1:31:44 PM","0000-00","0","no battery","V","353819","µV","","µV"
"06/13/2023","13:58:46","8","default","139783136","OXY_CH8","15.649","min","78.510","μmol/L","Humid","21.877","deg","142911","µV","29.953","°C","1017.000","hPa","0.0","pmil","0","55.292","deg","20.000","°C","100.000","μmol/L","21.658","deg","20.000","°C","1013.000","hPa","0.825","-0.013","0.000365","-0.00015","0","10","Humid","29.05","0","27.30","277265.35","SABD0002000026","AAV2.0.0.13","4.0.0.2353","PSt7-10","221103-017","5/25/2023 1:31:44 PM","0000-00","0","no battery","V","353819","µV","","µV"
"06/13/2023","13:58:49","8","default","139783136","OXY_CH8","15.699","min","78.503","μmol/L","Humid","21.875","deg","142910","µV","29.965","°C","1017.000","hPa","0.0","pmil","0","55.292","deg","20.000","°C","100.000","μmol/L","21.658","deg","20.000","°C","1013.000","hPa","0.825","-0.013","0.000365","-0.00015","0","10","Humid","29.05","0","27.30","277270.74","SABD0002000026","AAV2.0.0.13","4.0.0.2353","PSt7-10","221103-017","5/25/2023 1:31:44 PM","0000-00","0","no battery","V","353819","µV","","µV"
"06/13/2023","13:58:52","8","default","139783136","OXY_CH8","15.749","min","78.513","μmol/L","Humid","21.875","deg","142911","µV","29.959","°C","1017.000","hPa","0.0","pmil","0","55.292","deg","20.000","°C","100.000","μmol/L","21.658","deg","20.000","°C","1013.000","hPa","0.825","-0.013","0.000365","-0.00015","0","10","Humid","29.05","0","27.30","277265.10","SABD0002000026","AAV2.0.0.13","4.0.0.2353","PSt7-10","221103-017","5/25/2023 1:31:44 PM","0000-00","0","no battery","V","353819","µV","","µV"
"06/13/2023","13:58:55","8","default","139783136","OXY_CH8","15.799","min","78.517","μmol/L","Humid","21.873","deg","142907","µV","29.965","°C","1017.000","hPa","0.0","pmil","0","55.292","deg","20.000","°C","100.000","μmol/L","21.658","deg","20.000","°C","1013.000","hPa","0.825","-0.013","0.000365","-0.00015","0","10","Humid","29.05","0","27.30","277267.65","SABD0002000026","AAV2.0.0.13","4.0.0.2353","PSt7-10","221103-017","5/25/2023 1:31:44 PM","0000-00","0","no battery","V","353819","µV","","µV"
"06/13/2023","13:58:58","8","default","139783136","OXY_CH8","15.849","min","78.496","μmol/L","Humid","21.876","deg","142910","µV","29.965","°C","1017.000","hPa","0.0","pmil","0","55.292","deg","20.000","°C","100.000","μmol/L","21.658","deg","20.000","°C","1013.000","hPa","0.825","-0.013","0.000365","-0.00015","0","10","Humid","29.05","0","27.30","277276.03","SABD0002000026","AAV2.0.0.13","4.0.0.2353","PSt7-10","221103-017","5/25/2023 1:31:44 PM","0000-00","0","no battery","V","353819","µV","","µV"
"06/13/2023","13:59:01","8","default","139783136","OXY_CH8","15.899","min","78.527","μmol/L","Humid","21.873","deg","142898","µV","29.959","°C","1017.000","hPa","0.0","pmil","0","55.292","deg","20.000","°C","100.000","μmol/L","21.658","deg","20.000","°C","1013.000","hPa","0.825","-0.013","0.000365","-0.00015","0","10","Humid","29.05","0","27.30","277252.04","SABD0002000026","AAV2.0.0.13","4.0.0.2353","PSt7-10","221103-017","5/25/2023 1:31:44 PM","0000-00","0","no battery","V","353819","µV","","µV"
"06/13/2023","13:59:04","8","default","139783136","OXY_CH8","15.949","min","78.530","μmol/L","Humid","21.874","deg","142892","µV","29.953","°C","1017.000","hPa","0.0","pmil","0","55.292","deg","20.000","°C","100.000","μmol/L","21.658","deg","20.000","°C","1013.000","hPa","0.825","-0.013","0.000365","-0.00015","0","10","Humid","29.05","0","27.30","277264.44","SABD0002000026","AAV2.0.0.13","4.0.0.2353","PSt7-10","221103-017","5/25/2023 1:31:44 PM","0000-00","0","no battery","V","353819","µV","","µV"
"06/13/2023","13:59:07","8","default","139783136","OXY_CH8","15.999","min","78.513","μmol/L","Humid","21.875","deg","142888","µV","29.959","°C","1017.000","hPa","0.0","pmil","0","55.292","deg","20.000","°C","100.000","μmol/L","21.658","deg","20.000","°C","1013.000","hPa","0.825","-0.013","0.000365","-0.00015","0","10","Humid","29.05","0","27.30","277260.41","SABD0002000026","AAV2.0.0.13","4.0.0.2353","PSt7-10","221103-017","5/25/2023 1:31:44 PM","0000-00","0","no battery","V","353819","µV","","µV"
"06/13/2023","13:59:10","8","default","139783136","OXY_CH8","16.049","min","78.527","μmol/L","Humid","21.873","deg","142886","µV","29.959","°C","1017.000","hPa","0.0","pmil","0","55.292","deg","20.000","°C","100.000","μmol/L","21.658","deg","20.000","°C","1013.000","hPa","0.825","-0.013","0.000365","-0.00015","0","10","Humid","29.05","0","27.30","277264.29","SABD0002000026","AAV2.0.0.13","4.0.0.2353","PSt7-10","221103-017","5/25/2023 1:31:44 PM","0000-00","0","no battery","V","353819","µV","","µV"
"06/13/2023","13:59:13","8","default","139783136","OXY_CH8","16.099","min","78.523","μmol/L","Humid","21.875","deg","142877","µV","29.953","°C","1017.000","hPa","0.0","pmil","0","55.292","deg","20.000","°C","100.000","μmol/L","21.658","deg","20.000","°C","1013.000","hPa","0.825","-0.013","0.000365","-0.00015","0","10","Humid","29.05","0","27.30","277258.27","SABD0002000026","AAV2.0.0.13","4.0.0.2353","PSt7-10","221103-017","5/25/2023 1:31:44 PM","0000-00","0","no battery","V","353819","µV","","µV"
"06/13/2023","13:59:16","8","default","139783136","OXY_CH8","16.149","min","78.523","μmol/L","Humid","21.875","deg","142867","µV","29.953","°C","1017.000","hPa","0.0","pmil","0","55.292","deg","20.000","°C","100.000","μmol/L","21.658","deg","20.000","°C","1013.000","hPa","0.825","-0.013","0.000365","-0.00015","0","10","Humid","29.05","0","27.30","277247.89","SABD0002000026","AAV2.0.0.13","4.0.0.2353","PSt7-10","221103-017","5/25/2023 1:31:44 PM","0000-00","0","no battery","V","353819","µV","","µV"
"06/13/2023","13:59:19","8","default","139783136","OXY_CH8","16.199","min","78.547","μmol/L","Humid","21.873","deg","142867","µV","29.947","°C","1017.000","hPa","0.0","pmil","0","55.292","deg","20.000","°C","100.000","μmol/L","21.658","deg","20.000","°C","1013.000","hPa","0.825","-0.013","0.000365","-0.00015","0","10","Humid","29.05","0","27.30","277254.06","SABD0002000026","AAV2.0.0.13","4.0.0.2353","PSt7-10","221103-017","5/25/2023 1:31:44 PM","0000-00","0","no battery","V","353819","µV","","µV"
"06/13/2023","13:59:22","8","default","139783136","OXY_CH8","16.249","min","78.537","μmol/L","Humid","21.873","deg","142868","µV","29.953","°C","1017.000","hPa","0.0","pmil","0","55.292","deg","20.000","°C","100.000","μmol/L","21.658","deg","20.000","°C","1013.000","hPa","0.825","-0.013","0.000365","-0.00015","0","10","Humid","29.05","0","27.30","277253.68","SABD0002000026","AAV2.0.0.13","4.0.0.2353","PSt7-10","221103-017","5/25/2023 1:31:44 PM","0000-00","0","no battery","V","353819","µV","","µV"
"06/13/2023","13:59:25","8","default","139783136","OXY_CH8","16.299","min","78.557","μmol/L","Humid","21.870","deg","142864","µV","29.953","°C","1017.000","hPa","0.0","pmil","0","55.292","deg","20.000","°C","100.000","μmol/L","21.658","deg","20.000","°C","1013.000","hPa","0.825","-0.013","0.000365","-0.00015","0","10","Humid","29.05","0","27.30","277252.04","SABD0002000026","AAV2.0.0.13","4.0.0.2353","PSt7-10","221103-017","5/25/2023 1:31:44 PM","0000-00","0","no battery","V","353819","µV","","µV"
"06/13/2023","13:59:28","8","default","139783136","OXY_CH8","16.349","min","78.547","μmol/L","Humid","21.873","deg","142858","µV","29.947","°C","1017.000","hPa","0.0","pmil","0","55.292","deg","20.000","°C","100.000","μmol/L","21.658","deg","20.000","°C","1013.000","hPa","0.825","-0.013","0.000365","-0.00015","0","10","Humid","29.05","0","27.30","277259.87","SABD0002000026","AAV2.0.0.13","4.0.0.2353","PSt7-10","221103-017","5/25/2023 1:31:44 PM","0000-00","0","no battery","V","353819","µV","","µV"
"06/13/2023","13:59:31","8","default","139783136","OXY_CH8","16.399","min","78.547","μmol/L","Humid","21.873","deg","142857","µV","29.947","°C","1017.000","hPa","0.0","pmil","0","55.292","deg","20.000","°C","100.000","μmol/L","21.658","deg","20.000","°C","1013.000","hPa","0.825","-0.013","0.000365","-0.00015","0","10","Humid","29.05","0","27.30","277262.51","SABD0002000026","AAV2.0.0.13","4.0.0.2353","PSt7-10","221103-017","5/25/2023 1:31:44 PM","0000-00","0","no battery","V","353819","µV","","µV"
"06/13/2023","13:59:34","8","default","139783136","OXY_CH8","16.449","min","78.574","μmol/L","Humid","21.869","deg","142845","µV","29.947","°C","1017.000","hPa","0.0","pmil","0","55.292","deg","20.000","°C","100.000","μmol/L","21.658","deg","20.000","°C","1013.000","hPa","0.825","-0.013","0.000365","-0.00015","0","10","Humid","29.05","0","27.30","277241.32","SABD0002000026","AAV2.0.0.13","4.0.0.2353","PSt7-10","221103-017","5/25/2023 1:31:44 PM","0000-00","0","no battery","V","353819","µV","","µV"
"06/13/2023","13:59:37","8","default","139783136","OXY_CH8","16.498","min","78.581","μmol/L","Humid","21.868","deg","142840","µV","29.947","°C","1017.000","hPa","0.0","pmil","0","55.292","deg","20.000","°C","100.000","μmol/L","21.658","deg","20.000","°C","1013.000","hPa","0.825","-0.013","0.000365","-0.00015","0","10","Humid","29.05","0","27.30","277249.68","SABD0002000026","AAV2.0.0.13","4.0.0.2353","PSt7-10","221103-017","5/25/2023 1:31:44 PM","0000-00","0","no battery","V","353819","µV","","µV"
"06/13/2023","13:59:40","8","default","139783136","OXY_CH8","16.549","min","78.557","μmol/L","Humid","21.873","deg","142845","µV","29.940","°C","1017.000","hPa","0.0","pmil","0","55.292","deg","20.000","°C","100.000","μmol/L","21.658","deg","20.000","°C","1013.000","hPa","0.825","-0.013","0.000365","-0.00015","0","10","Humid","29.05","0","27.30","277240.54","SABD0002000026","AAV2.0.0.13","4.0.0.2353","PSt7-10","221103-017","5/25/2023 1:31:44 PM","0000-00","0","no battery","V","353819","µV","","µV"
"06/13/2023","13:59:43","8","default","139783136","OXY_CH8","16.599","min","78.561","μmol/L","Humid","21.871","deg","142837","µV","29.947","°C","1017.000","hPa","0.0","pmil","0","55.292","deg","20.000","°C","100.000","μmol/L","21.658","deg","20.000","°C","1013.000","hPa","0.825","-0.013","0.000365","-0.00015","0","10","Humid","29.05","0","27.30","277251.85","SABD0002000026","AAV2.0.0.13","4.0.0.2353","PSt7-10","221103-017","5/25/2023 1:31:44 PM","0000-00","0","no battery","V","353819","µV","","µV"
"06/13/2023","13:59:46","8","default","139783136","OXY_CH8","16.649","min","78.568","μmol/L","Humid","21.870","deg","142833","µV","29.947","°C","1017.000","hPa","0.0","pmil","0","55.292","deg","20.000","°C","100.000","μmol/L","21.658","deg","20.000","°C","1013.000","hPa","0.825","-0.013","0.000365","-0.00015","0","10","Humid","29.05","0","27.30","277235.99","SABD0002000026","AAV2.0.0.13","4.0.0.2353","PSt7-10","221103-017","5/25/2023 1:31:44 PM","0000-00","0","no battery","V","353819","µV","","µV"
"06/13/2023","13:59:49","8","default","139783136","OXY_CH8","16.699","min","78.584","μmol/L","Humid","21.869","deg","142820","µV","29.940","°C","1017.000","hPa","0.0","pmil","0","55.292","deg","20.000","°C","100.000","μmol/L","21.658","deg","20.000","°C","1013.000","hPa","0.825","-0.013","0.000365","-0.00015","0","10","Humid","29.05","0","27.30","277228.16","SABD0002000026","AAV2.0.0.13","4.0.0.2353","PSt7-10","221103-017","5/25/2023 1:31:44 PM","0000-00","0","no battery","V","353819","µV","","µV"
"06/13/2023","13:59:52","8","default","139783136","OXY_CH8","16.749","min","78.571","μmol/L","Humid","21.871","deg","142820","µV","29.940","°C","1017.000","hPa","0.0","pmil","0","55.292","deg","20.000","°C","100.000","μmol/L","21.658","deg","20.000","°C","1013.000","hPa","0.825","-0.013","0.000365","-0.00015","0","10","Humid","29.05","0","27.30","277234.46","SABD0002000026","AAV2.0.0.13","4.0.0.2353","PSt7-10","221103-017","5/25/2023 1:31:44 PM","0000-00","0","no battery","V","353819","µV","","µV"
"06/13/2023","13:59:55","8","default","139783136","OXY_CH8","16.799","min","78.554","μmol/L","Humid","21.872","deg","142816","µV","29.947","°C","1017.000","hPa","0.0","pmil","0","55.292","deg","20.000","°C","100.000","μmol/L","21.658","deg","20.000","°C","1013.000","hPa","0.825","-0.013","0.000365","-0.00015","0","10","Humid","29.05","0","27.30","277235.58","SABD0002000026","AAV2.0.0.13","4.0.0.2353","PSt7-10","221103-017","5/25/2023 1:31:44 PM","0000-00","0","no battery","V","353819","µV","","µV"
"06/13/2023","13:59:58","8","default","139783136","OXY_CH8","16.849","min","78.601","μmol/L","Humid","21.868","deg","142817","µV","29.934","°C","1017.000","hPa","0.0","pmil","0","55.292","deg","20.000","°C","100.000","μmol/L","21.658","deg","20.000","°C","1013.000","hPa","0.825","-0.013","0.000365","-0.00015","0","10","Humid","29.05","0","27.30","277243.15","SABD0002000026","AAV2.0.0.13","4.0.0.2353","PSt7-10","221103-017","5/25/2023 1:31:44 PM","0000-00","0","no battery","V","353819","µV","","µV"
"06/13/2023","14:00:01","8","default","139783136","OXY_CH8","16.899","min","78.595","μmol/L","Humid","21.869","deg","142810","µV","29.934","°C","1017.000","hPa","0.0","pmil","0","55.292","deg","20.000","°C","100.000","μmol/L","21.658","deg","20.000","°C","1013.000","hPa","0.825","-0.013","0.000365","-0.00015","0","10","Humid","29.05","0","27.30","277230.07","SABD0002000026","AAV2.0.0.13","4.0.0.2353","PSt7-10","221103-017","5/25/2023 1:31:44 PM","0000-00","0","no battery","V","353819","µV","","µV"
"06/13/2023","14:00:04","8","default","139783136","OXY_CH8","16.950","min","78.591","μmol/L","Humid","21.868","deg","142805","µV","29.940","°C","1017.000","hPa","0.0","pmil","0","55.292","deg","20.000","°C","100.000","μmol/L","21.658","deg","20.000","°C","1013.000","hPa","0.825","-0.013","0.000365","-0.00015","0","10","Humid","29.05","0","27.30","277225.64","SABD0002000026","AAV2.0.0.13","4.0.0.2353","PSt7-10","221103-017","5/25/2023 1:31:44 PM","0000-00","0","no battery","V","353819","µV","","µV"
"06/13/2023","14:00:07","8","default","139783136","OXY_CH8","16.999","min","78.612","μmol/L","Humid","21.868","deg","142801","µV","29.928","°C","1017.000","hPa","0.0","pmil","0","55.292","deg","20.000","°C","100.000","μmol/L","21.658","deg","20.000","°C","1013.000","hPa","0.825","-0.013","0.000365","-0.00015","0","10","Humid","29.05","0","27.30","277224.31","SABD0002000026","AAV2.0.0.13","4.0.0.2353","PSt7-10","221103-017","5/25/2023 1:31:44 PM","0000-00","0","no battery","V","353819","µV","","µV"
"06/13/2023","14:00:10","8","default","139783136","OXY_CH8","17.049","min","78.591","μmol/L","Humid","21.868","deg","142800","µV","29.940","°C","1017.000","hPa","0.0","pmil","0","55.292","deg","20.000","°C","100.000","μmol/L","21.658","deg","20.000","°C","1013.000","hPa","0.825","-0.013","0.000365","-0.00015","0","10","Humid","29.05","0","27.30","277222.90","SABD0002000026","AAV2.0.0.13","4.0.0.2353","PSt7-10","221103-017","5/25/2023 1:31:44 PM","0000-00","0","no battery","V","353819","µV","","µV"
"06/13/2023","14:00:13","8","default","139783136","OXY_CH8","17.099","min","78.591","μmol/L","Humid","21.868","deg","142791","µV","29.940","°C","1017.000","hPa","0.0","pmil","0","55.292","deg","20.000","°C","100.000","μmol/L","21.658","deg","20.000","°C","1013.000","hPa","0.825","-0.013","0.000365","-0.00015","0","10","Humid","29.05","0","27.30","277222.76","SABD0002000026","AAV2.0.0.13","4.0.0.2353","PSt7-10","221103-017","5/25/2023 1:31:44 PM","0000-00","0","no battery","V","353819","µV","","µV"
"06/13/2023","14:00:16","8","default","139783136","OXY_CH8","17.149","min","78.605","μmol/L","Humid","21.866","deg","142788","µV","29.940","°C","1017.000","hPa","0.0","pmil","0","55.292","deg","20.000","°C","100.000","μmol/L","21.658","deg","20.000","°C","1013.000","hPa","0.825","-0.013","0.000365","-0.00015","0","10","Humid","29.05","0","27.30","277220.76","SABD0002000026","AAV2.0.0.13","4.0.0.2353","PSt7-10","221103-017","5/25/2023 1:31:44 PM","0000-00","0","no battery","V","353819","µV","","µV"
"06/13/2023","14:00:19","8","default","139783136","OXY_CH8","17.199","min","78.605","μmol/L","Humid","21.869","deg","142790","µV","29.928","°C","1017.000","hPa","0.0","pmil","0","55.292","deg","20.000","°C","100.000","μmol/L","21.658","deg","20.000","°C","1013.000","hPa","0.825","-0.013","0.000365","-0.00015","0","10","Humid","29.05","0","27.30","277220.45","SABD0002000026","AAV2.0.0.13","4.0.0.2353","PSt7-10","221103-017","5/25/2023 1:31:44 PM","0000-00","0","no battery","V","353819","µV","","µV"
"06/13/2023","14:00:22","8","default","139783136","OXY_CH8","17.249","min","78.601","μmol/L","Humid","21.868","deg","142777","µV","29.934","°C","1017.000","hPa","0.0","pmil","0","55.292","deg","20.000","°C","100.000","μmol/L","21.658","deg","20.000","°C","1013.000","hPa","0.825","-0.013","0.000365","-0.00015","0","10","Humid","29.05","0","27.30","277209.50","SABD0002000026","AAV2.0.0.13","4.0.0.2353","PSt7-10","221103-017","5/25/2023 1:31:44 PM","0000-00","0","no battery","V","353819","µV","","µV"
"06/13/2023","14:00:25","8","default","139783136","OXY_CH8","17.299","min","78.625","μmol/L","Humid","21.866","deg","142771","µV","29.928","°C","1017.000","hPa","0.0","pmil","0","55.292","deg","20.000","°C","100.000","μmol/L","21.658","deg","20.000","°C","1013.000","hPa","0.825","-0.013","0.000365","-0.00015","0","10","Humid","29.05","0","27.30","277207.83","SABD0002000026","AAV2.0.0.13","4.0.0.2353","PSt7-10","221103-017","5/25/2023 1:31:44 PM","0000-00","0","no battery","V","353819","µV","","µV"
"06/13/2023","14:00:28","8","default","139783136","OXY_CH8","17.349","min","78.625","μmol/L","Humid","21.866","deg","142764","µV","29.928","°C","1017.000","hPa","0.0","pmil","0","55.292","deg","20.000","°C","100.000","μmol/L","21.658","deg","20.000","°C","1013.000","hPa","0.825","-0.013","0.000365","-0.00015","0","10","Humid","29.05","0","27.30","277205.39","SABD0002000026","AAV2.0.0.13","4.0.0.2353","PSt7-10","221103-017","5/25/2023 1:31:44 PM","0000-00","0","no battery","V","353819","µV","","µV"
"06/13/2023","14:00:31","8","default","139783136","OXY_CH8","17.399","min","78.625","μmol/L","Humid","21.866","deg","142760","µV","29.928","°C","1017.000","hPa","0.0","pmil","0","55.292","deg","20.000","°C","100.000","μmol/L","21.658","deg","20.000","°C","1013.000","hPa","0.825","-0.013","0.000365","-0.00015","0","10","Humid","29.05","0","27.30","277209.48","SABD0002000026","AAV2.0.0.13","4.0.0.2353","PSt7-10","221103-017","5/25/2023 1:31:44 PM","0000-00","0","no battery","V","353819","µV","","µV"
"06/13/2023","14:00:34","8","default","139783136","OXY_CH8","17.450","min","78.625","μmol/L","Humid","21.866","deg","142763","µV","29.928","°C","1017.000","hPa","0.0","pmil","0","55.292","deg","20.000","°C","100.000","μmol/L","21.658","deg","20.000","°C","1013.000","hPa","0.825","-0.013","0.000365","-0.00015","0","10","Humid","29.05","0","27.30","277201.10","SABD0002000026","AAV2.0.0.13","4.0.0.2353","PSt7-10","221103-017","5/25/2023 1:31:44 PM","0000-00","0","no battery","V","353819","µV","","µV"
"06/13/2023","14:00:37","8","default","139783136","OXY_CH8","17.499","min","78.629","μmol/L","Humid","21.867","deg","142750","µV","29.922","°C","1017.000","hPa","0.0","pmil","0","55.292","deg","20.000","°C","100.000","μmol/L","21.658","deg","20.000","°C","1013.000","hPa","0.825","-0.013","0.000365","-0.00015","0","10","Humid","29.05","0","27.30","277205.24","SABD0002000026","AAV2.0.0.13","4.0.0.2353","PSt7-10","221103-017","5/25/2023 1:31:44 PM","0000-00","0","no battery","V","353819","µV","","µV"
"06/13/2023","14:00:40","8","default","139783136","OXY_CH8","17.549","min","78.649","μmol/L","Humid","21.864","deg","142756","µV","29.922","°C","1017.000","hPa","0.0","pmil","0","55.292","deg","20.000","°C","100.000","μmol/L","21.658","deg","20.000","°C","1013.000","hPa","0.825","-0.013","0.000365","-0.00015","0","10","Humid","29.05","0","27.30","277218.22","SABD0002000026","AAV2.0.0.13","4.0.0.2353","PSt7-10","221103-017","5/25/2023 1:31:44 PM","0000-00","0","no battery","V","353819","µV","","µV"
"06/13/2023","14:00:43","8","default","139783136","OXY_CH8","17.599","min","78.635","μmol/L","Humid","21.866","deg","142746","µV","29.922","°C","1017.000","hPa","0.0","pmil","0","55.292","deg","20.000","°C","100.000","μmol/L","21.658","deg","20.000","°C","1013.000","hPa","0.825","-0.013","0.000365","-0.00015","0","10","Humid","29.05","0","27.30","277202.51","SABD0002000026","AAV2.0.0.13","4.0.0.2353","PSt7-10","221103-017","5/25/2023 1:31:44 PM","0000-00","0","no battery","V","353819","µV","","µV"
"06/13/2023","14:00:46","8","default","139783136","OXY_CH8","17.649","min","78.642","μmol/L","Humid","21.865","deg","142748","µV","29.922","°C","1017.000","hPa","0.0","pmil","0","55.292","deg","20.000","°C","100.000","μmol/L","21.658","deg","20.000","°C","1013.000","hPa","0.825","-0.013","0.000365","-0.00015","0","10","Humid","29.05","0","27.30","277209.47","SABD0002000026","AAV2.0.0.13","4.0.0.2353","PSt7-10","221103-017","5/25/2023 1:31:44 PM","0000-00","0","no battery","V","353819","µV","","µV"
"06/13/2023","14:00:49","8","default","139783136","OXY_CH8","17.700","min","78.615","μmol/L","Humid","21.866","deg","142739","µV","29.934","°C","1017.000","hPa","0.0","pmil","0","55.292","deg","20.000","°C","100.000","μmol/L","21.658","deg","20.000","°C","1013.000","hPa","0.825","-0.013","0.000365","-0.00015","0","10","Humid","29.05","0","27.30","277205.40","SABD0002000026","AAV2.0.0.13","4.0.0.2353","PSt7-10","221103-017","5/25/2023 1:31:44 PM","0000-00","0","no battery","V","353819","µV","","µV"
"06/13/2023","14:00:52","8","default","139783136","OXY_CH8","17.749","min","78.632","μmol/L","Humid","21.868","deg","142735","µV","29.916","°C","1017.000","hPa","0.0","pmil","0","55.292","deg","20.000","°C","100.000","μmol/L","21.658","deg","20.000","°C","1013.000","hPa","0.825","-0.013","0.000365","-0.00015","0","10","Humid","29.05","0","27.30","277195.59","SABD0002000026","AAV2.0.0.13","4.0.0.2353","PSt7-10","221103-017","5/25/2023 1:31:44 PM","0000-00","0","no battery","V","353819","µV","","µV"
"06/13/2023","14:00:55","8","default","139783136","OXY_CH8","17.799","min","78.656","μmol/L","Humid","21.863","deg","142736","µV","29.922","°C","1017.000","hPa","0.0","pmil","0","55.292","deg","20.000","°C","100.000","μmol/L","21.658","deg","20.000","°C","1013.000","hPa","0.825","-0.013","0.000365","-0.00015","0","10","Humid","29.05","0","27.30","277192.94","SABD0002000026","AAV2.0.0.13","4.0.0.2353","PSt7-10","221103-017","5/25/2023 1:31:44 PM","0000-00","0","no battery","V","353819","µV","","µV"
"06/13/2023","14:00:58","8","default","139783136","OXY_CH8","17.849","min","78.656","μmol/L","Humid","21.863","deg","142727","µV","29.922","°C","1017.000","hPa","0.0","pmil","0","55.292","deg","20.000","°C","100.000","μmol/L","21.658","deg","20.000","°C","1013.000","hPa","0.825","-0.013","0.000365","-0.00015","0","10","Humid","29.05","0","27.30","277187.68","SABD0002000026","AAV2.0.0.13","4.0.0.2353","PSt7-10","221103-017","5/25/2023 1:31:44 PM","0000-00","0","no battery","V","353819","µV","","µV"
"06/13/2023","14:01:01","8","default","139783136","OXY_CH8","17.899","min","78.635","μmol/L","Humid","21.866","deg","142722","µV","29.922","°C","1017.000","hPa","0.0","pmil","0","55.292","deg","20.000","°C","100.000","μmol/L","21.658","deg","20.000","°C","1013.000","hPa","0.825","-0.013","0.000365","-0.00015","0","10","Humid","29.05","0","27.30","277190.40","SABD0002000026","AAV2.0.0.13","4.0.0.2353","PSt7-10","221103-017","5/25/2023 1:31:44 PM","0000-00","0","no battery","V","353819","µV","","µV"
"06/13/2023","14:01:04","8","default","139783136","OXY_CH8","17.949","min","78.656","μmol/L","Humid","21.863","deg","142723","µV","29.922","°C","1017.000","hPa","0.0","pmil","0","55.292","deg","20.000","°C","100.000","μmol/L","21.658","deg","20.000","°C","1013.000","hPa","0.825","-0.013","0.000365","-0.00015","0","10","Humid","29.05","0","27.30","277211.31","SABD0002000026","AAV2.0.0.13","4.0.0.2353","PSt7-10","221103-017","5/25/2023 1:31:44 PM","0000-00","0","no battery","V","353819","µV","","µV"
"06/13/2023","14:01:07","8","default","139783136","OXY_CH8","17.999","min","78.666","μmol/L","Humid","21.863","deg","142727","µV","29.916","°C","1017.000","hPa","0.0","pmil","0","55.292","deg","20.000","°C","100.000","μmol/L","21.658","deg","20.000","°C","1013.000","hPa","0.825","-0.013","0.000365","-0.00015","0","10","Humid","29.05","0","27.30","277202.00","SABD0002000026","AAV2.0.0.13","4.0.0.2353","PSt7-10","221103-017","5/25/2023 1:31:44 PM","0000-00","0","no battery","V","353819","µV","","µV"
"06/13/2023","14:01:10","8","default","139783136","OXY_CH8","18.049","min","78.680","μmol/L","Humid","21.861","deg","142717","µV","29.916","°C","1017.000","hPa","0.0","pmil","0","55.292","deg","20.000","°C","100.000","μmol/L","21.658","deg","20.000","°C","1013.000","hPa","0.825","-0.013","0.000365","-0.00015","0","10","Humid","29.05","0","27.30","277195.36","SABD0002000026","AAV2.0.0.13","4.0.0.2353","PSt7-10","221103-017","5/25/2023 1:31:44 PM","0000-00","0","no battery","V","353819","µV","","µV"
"06/13/2023","14:01:13","8","default","139783136","OXY_CH8","18.099","min","78.639","μmol/L","Humid","21.867","deg","142709","µV","29.916","°C","1017.000","hPa","0.0","pmil","0","55.292","deg","20.000","°C","100.000","μmol/L","21.658","deg","20.000","°C","1013.000","hPa","0.825","-0.013","0.000365","-0.00015","0","10","Humid","29.05","0","27.30","277197.57","SABD0002000026","AAV2.0.0.13","4.0.0.2353","PSt7-10","221103-017","5/25/2023 1:31:44 PM","0000-00","0","no battery","V","353819","µV","","µV"
"06/13/2023","14:01:16","8","default","139783136","OXY_CH8","18.149","min","78.666","μmol/L","Humid","21.863","deg","142704","µV","29.916","°C","1017.000","hPa","0.0","pmil","0","55.292","deg","20.000","°C","100.000","μmol/L","21.658","deg","20.000","°C","1013.000","hPa","0.825","-0.013","0.000365","-0.00015","0","10","Humid","29.05","0","27.30","277184.99","SABD0002000026","AAV2.0.0.13","4.0.0.2353","PSt7-10","221103-017","5/25/2023 1:31:44 PM","0000-00","0","no battery","V","353819","µV","","µV"
"06/13/2023","14:01:19","8","default","139783136","OXY_CH8","18.199","min","78.669","μmol/L","Humid","21.864","deg","142704","µV","29.910","°C","1017.000","hPa","0.0","pmil","0","55.292","deg","20.000","°C","100.000","μmol/L","21.658","deg","20.000","°C","1013.000","hPa","0.825","-0.013","0.000365","-0.00015","0","10","Humid","29.05","0","27.30","277194.90","SABD0002000026","AAV2.0.0.13","4.0.0.2353","PSt7-10","221103-017","5/25/2023 1:31:44 PM","0000-00","0","no battery","V","353819","µV","","µV"
"06/13/2023","14:01:22","8","default","139783136","OXY_CH8","18.249","min","78.659","μmol/L","Humid","21.864","deg","142702","µV","29.916","°C","1017.000","hPa","0.0","pmil","0","55.292","deg","20.000","°C","100.000","μmol/L","21.658","deg","20.000","°C","1013.000","hPa","0.825","-0.013","0.000365","-0.00015","0","10","Humid","29.05","0","27.30","277190.91","SABD0002000026","AAV2.0.0.13","4.0.0.2353","PSt7-10","221103-017","5/25/2023 1:31:44 PM","0000-00","0","no battery","V","353819","µV","","µV"
"06/13/2023","14:01:25","8","default","139783136","OXY_CH8","18.299","min","78.680","μmol/L","Humid","21.862","deg","142699","µV","29.910","°C","1016.000","hPa","0.0","pmil","0","55.292","deg","20.000","°C","100.000","μmol/L","21.658","deg","20.000","°C","1013.000","hPa","0.825","-0.013","0.000365","-0.00015","0","10","Humid","29.05","0","27.30","277189.73","SABD0002000026","AAV2.0.0.13","4.0.0.2353","PSt7-10","221103-017","5/25/2023 1:31:44 PM","0000-00","0","no battery","V","353819","µV","","µV"
"06/13/2023","14:01:28","8","default","139783136","OXY_CH8","18.350","min","78.666","μmol/L","Humid","21.863","deg","142697","µV","29.916","°C","1017.000","hPa","0.0","pmil","0","55.292","deg","20.000","°C","100.000","μmol/L","21.658","deg","20.000","°C","1013.000","hPa","0.825","-0.013","0.000365","-0.00015","0","10","Humid","29.05","0","27.30","277182.21","SABD0002000026","AAV2.0.0.13","4.0.0.2353","PSt7-10","221103-017","5/25/2023 1:31:44 PM","0000-00","0","no battery","V","353819","µV","","µV"
"06/13/2023","14:01:31","8","default","139783136","OXY_CH8","18.399","min","78.676","μmol/L","Humid","21.863","deg","142682","µV","29.910","°C","1017.000","hPa","0.0","pmil","0","55.292","deg","20.000","°C","100.000","μmol/L","21.658","deg","20.000","°C","1013.000","hPa","0.825","-0.013","0.000365","-0.00015","0","10","Humid","29.05","0","27.30","277190.77","SABD0002000026","AAV2.0.0.13","4.0.0.2353","PSt7-10","221103-017","5/25/2023 1:31:44 PM","0000-00","0","no battery","V","353819","µV","","µV"
"06/13/2023","14:01:34","8","default","139783136","OXY_CH8","18.449","min","78.676","μmol/L","Humid","21.863","deg","142677","µV","29.910","°C","1017.000","hPa","0.0","pmil","0","55.292","deg","20.000","°C","100.000","μmol/L","21.658","deg","20.000","°C","1013.000","hPa","0.825","-0.013","0.000365","-0.00015","0","10","Humid","29.05","0","27.30","277195.99","SABD0002000026","AAV2.0.0.13","4.0.0.2353","PSt7-10","221103-017","5/25/2023 1:31:44 PM","0000-00","0","no battery","V","353819","µV","","µV"
"06/13/2023","14:01:37","8","default","139783136","OXY_CH8","18.499","min","78.690","μmol/L","Humid","21.861","deg","142685","µV","29.910","°C","1017.000","hPa","0.0","pmil","0","55.292","deg","20.000","°C","100.000","μmol/L","21.658","deg","20.000","°C","1013.000","hPa","0.825","-0.013","0.000365","-0.00015","0","10","Humid","29.05","0","27.30","277192.95","SABD0002000026","AAV2.0.0.13","4.0.0.2353","PSt7-10","221103-017","5/25/2023 1:31:44 PM","0000-00","0","no battery","V","353819","µV","","µV"
"06/13/2023","14:01:40","8","default","139783136","OXY_CH8","18.549","min","78.690","μmol/L","Humid","21.861","deg","142678","µV","29.910","°C","1017.000","hPa","0.0","pmil","0","55.292","deg","20.000","°C","100.000","μmol/L","21.658","deg","20.000","°C","1013.000","hPa","0.825","-0.013","0.000365","-0.00015","0","10","Humid","29.05","0","27.30","277191.97","SABD0002000026","AAV2.0.0.13","4.0.0.2353","PSt7-10","221103-017","5/25/2023 1:31:44 PM","0000-00","0","no battery","V","353819","µV","","µV"
"06/13/2023","14:01:43","8","default","139783136","OXY_CH8","18.600","min","78.697","μmol/L","Humid","21.860","deg","142672","µV","29.910","°C","1017.000","hPa","0.0","pmil","0","55.292","deg","20.000","°C","100.000","μmol/L","21.658","deg","20.000","°C","1013.000","hPa","0.825","-0.013","0.000365","-0.00015","0","10","Humid","29.05","0","27.30","277182.31","SABD0002000026","AAV2.0.0.13","4.0.0.2353","PSt7-10","221103-017","5/25/2023 1:31:44 PM","0000-00","0","no battery","V","353819","µV","","µV"
"06/13/2023","14:01:46","8","default","139783136","OXY_CH8","18.649","min","78.707","μmol/L","Humid","21.860","deg","142670","µV","29.904","°C","1017.000","hPa","0.0","pmil","0","55.292","deg","20.000","°C","100.000","μmol/L","21.658","deg","20.000","°C","1013.000","hPa","0.825","-0.013","0.000365","-0.00015","0","10","Humid","29.05","0","27.30","277181.58","SABD0002000026","AAV2.0.0.13","4.0.0.2353","PSt7-10","221103-017","5/25/2023 1:31:44 PM","0000-00","0","no battery","V","353819","µV","","µV"
"06/13/2023","14:01:49","8","default","139783136","OXY_CH8","18.699","min","78.697","μmol/L","Humid","21.860","deg","142670","µV","29.910","°C","1017.000","hPa","0.0","pmil","0","55.292","deg","20.000","°C","100.000","μmol/L","21.658","deg","20.000","°C","1013.000","hPa","0.825","-0.013","0.000365","-0.00015","0","10","Humid","29.05","0","27.30","277191.72","SABD0002000026","AAV2.0.0.13","4.0.0.2353","PSt7-10","221103-017","5/25/2023 1:31:44 PM","0000-00","0","no battery","V","353819","µV","","µV"
"06/13/2023","14:01:52","8","default","139783136","OXY_CH8","18.749","min","78.717","μmol/L","Humid","21.860","deg","142664","µV","29.898","°C","1017.000","hPa","0.0","pmil","0","55.292","deg","20.000","°C","100.000","μmol/L","21.658","deg","20.000","°C","1013.000","hPa","0.825","-0.013","0.000365","-0.00015","0","10","Humid","29.05","0","27.30","277191.48","SABD0002000026","AAV2.0.0.13","4.0.0.2353","PSt7-10","221103-017","5/25/2023 1:31:44 PM","0000-00","0","no battery","V","353819","µV","","µV"
"06/13/2023","14:01:55","8","default","139783136","OXY_CH8","18.799","min","78.710","μmol/L","Humid","21.861","deg","142661","µV","29.898","°C","1017.000","hPa","0.0","pmil","0","55.292","deg","20.000","°C","100.000","μmol/L","21.658","deg","20.000","°C","1013.000","hPa","0.825","-0.013","0.000365","-0.00015","0","10","Humid","29.05","0","27.30","277180.33","SABD0002000026","AAV2.0.0.13","4.0.0.2353","PSt7-10","221103-017","5/25/2023 1:31:44 PM","0000-00","0","no battery","V","353819","µV","","µV"
"06/13/2023","14:01:58","8","default","139783136","OXY_CH8","18.849","min","78.700","μmol/L","Humid","21.861","deg","142657","µV","29.904","°C","1017.000","hPa","0.0","pmil","0","55.292","deg","20.000","°C","100.000","μmol/L","21.658","deg","20.000","°C","1013.000","hPa","0.825","-0.013","0.000365","-0.00015","0","10","Humid","29.05","0","27.30","277183.51","SABD0002000026","AAV2.0.0.13","4.0.0.2353","PSt7-10","221103-017","5/25/2023 1:31:44 PM","0000-00","0","no battery","V","353819","µV","","µV"
"06/13/2023","14:02:01","8","default","139783136","OXY_CH8","18.899","min","78.703","μmol/L","Humid","21.862","deg","142647","µV","29.898","°C","1017.000","hPa","0.0","pmil","0","55.292","deg","20.000","°C","100.000","μmol/L","21.658","deg","20.000","°C","1013.000","hPa","0.825","-0.013","0.000365","-0.00015","0","10","Humid","29.05","0","27.30","277180.38","SABD0002000026","AAV2.0.0.13","4.0.0.2353","PSt7-10","221103-017","5/25/2023 1:31:44 PM","0000-00","0","no battery","V","353819","µV","","µV"
"06/13/2023","14:02:04","8","default","139783136","OXY_CH8","18.949","min","78.703","μmol/L","Humid","21.860","deg","142650","µV","29.904","°C","1016.000","hPa","0.0","pmil","0","55.292","deg","20.000","°C","100.000","μmol/L","21.658","deg","20.000","°C","1013.000","hPa","0.825","-0.013","0.000365","-0.00015","0","10","Humid","29.05","0","27.30","277170.61","SABD0002000026","AAV2.0.0.13","4.0.0.2353","PSt7-10","221103-017","5/25/2023 1:31:44 PM","0000-00","0","no battery","V","353819","µV","","µV"
"06/13/2023","14:02:07","8","default","139783136","OXY_CH8","18.999","min","78.717","μmol/L","Humid","21.860","deg","142636","µV","29.898","°C","1017.000","hPa","0.0","pmil","0","55.292","deg","20.000","°C","100.000","μmol/L","21.658","deg","20.000","°C","1013.000","hPa","0.825","-0.013","0.000365","-0.00015","0","10","Humid","29.05","0","27.30","277171.76","SABD0002000026","AAV2.0.0.13","4.0.0.2353","PSt7-10","221103-017","5/25/2023 1:31:44 PM","0000-00","0","no battery","V","353819","µV","","µV"
"06/13/2023","14:02:10","8","default","139783136","OXY_CH8","19.049","min","78.717","μmol/L","Humid","21.860","deg","142643","µV","29.898","°C","1017.000","hPa","0.0","pmil","0","55.292","deg","20.000","°C","100.000","μmol/L","21.658","deg","20.000","°C","1013.000","hPa","0.825","-0.013","0.000365","-0.00015","0","10","Humid","29.05","0","27.30","277172.31","SABD0002000026","AAV2.0.0.13","4.0.0.2353","PSt7-10","221103-017","5/25/2023 1:31:44 PM","0000-00","0","no battery","V","353819","µV","","µV"
"06/13/2023","14:02:13","8","default","139783136","OXY_CH8","19.100","min","78.727","μmol/L","Humid","21.858","deg","142633","µV","29.898","°C","1016.000","hPa","0.0","pmil","0","55.292","deg","20.000","°C","100.000","μmol/L","21.658","deg","20.000","°C","1013.000","hPa","0.825","-0.013","0.000365","-0.00015","0","10","Humid","29.05","0","27.30","277166.36","SABD0002000026","AAV2.0.0.13","4.0.0.2353","PSt7-10","221103-017","5/25/2023 1:31:44 PM","0000-00","0","no battery","V","353819","µV","","µV"
"06/13/2023","14:02:16","8","default","139783136","OXY_CH8","19.149","min","78.738","μmol/L","Humid","21.858","deg","142620","µV","29.891","°C","1016.000","hPa","0.0","pmil","0","55.292","deg","20.000","°C","100.000","μmol/L","21.658","deg","20.000","°C","1013.000","hPa","0.825","-0.013","0.000365","-0.00015","0","10","Humid","29.05","0","27.30","277157.40","SABD0002000026","AAV2.0.0.13","4.0.0.2353","PSt7-10","221103-017","5/25/2023 1:31:44 PM","0000-00","0","no battery","V","353819","µV","","µV"
"06/13/2023","14:02:19","8","default","139783136","OXY_CH8","19.199","min","78.741","μmol/L","Humid","21.858","deg","142617","µV","29.891","°C","1017.000","hPa","0.0","pmil","0","55.292","deg","20.000","°C","100.000","μmol/L","21.658","deg","20.000","°C","1013.000","hPa","0.825","-0.013","0.000365","-0.00015","0","10","Humid","29.05","0","27.30","277166.44","SABD0002000026","AAV2.0.0.13","4.0.0.2353","PSt7-10","221103-017","5/25/2023 1:31:44 PM","0000-00","0","no battery","V","353819","µV","","µV"
"06/13/2023","14:02:22","8","default","139783136","OXY_CH8","19.249","min","78.761","μmol/L","Humid","21.855","deg","142609","µV","29.891","°C","1017.000","hPa","0.0","pmil","0","55.292","deg","20.000","°C","100.000","μmol/L","21.658","deg","20.000","°C","1013.000","hPa","0.825","-0.013","0.000365","-0.00015","0","10","Humid","29.05","0","27.30","277164.75","SABD0002000026","AAV2.0.0.13","4.0.0.2353","PSt7-10","221103-017","5/25/2023 1:31:44 PM","0000-00","0","no battery","V","353819","µV","","µV"
"06/13/2023","14:02:25","8","default","139783136","OXY_CH8","19.299","min","78.727","μmol/L","Humid","21.860","deg","142612","µV","29.891","°C","1017.000","hPa","0.0","pmil","0","55.292","deg","20.000","°C","100.000","μmol/L","21.658","deg","20.000","°C","1013.000","hPa","0.825","-0.013","0.000365","-0.00015","0","10","Humid","29.05","0","27.30","277172.08","SABD0002000026","AAV2.0.0.13","4.0.0.2353","PSt7-10","221103-017","5/25/2023 1:31:44 PM","0000-00","0","no battery","V","353819","µV","","µV"
"06/13/2023","14:02:28","8","default","139783136","OXY_CH8","19.349","min","78.754","μmol/L","Humid","21.856","deg","142604","µV","29.891","°C","1017.000","hPa","0.0","pmil","0","55.292","deg","20.000","°C","100.000","μmol/L","21.658","deg","20.000","°C","1013.000","hPa","0.825","-0.013","0.000365","-0.00015","0","10","Humid","29.05","0","27.30","277163.55","SABD0002000026","AAV2.0.0.13","4.0.0.2353","PSt7-10","221103-017","5/25/2023 1:31:44 PM","0000-00","0","no battery","V","353819","µV","","µV"
"06/13/2023","14:02:31","8","default","139783136","OXY_CH8","19.399","min","78.744","μmol/L","Humid","21.857","deg","142597","µV","29.891","°C","1016.000","hPa","0.0","pmil","0","55.292","deg","20.000","°C","100.000","μmol/L","21.658","deg","20.000","°C","1013.000","hPa","0.825","-0.013","0.000365","-0.00015","0","10","Humid","29.05","0","27.30","277168.27","SABD0002000026","AAV2.0.0.13","4.0.0.2353","PSt7-10","221103-017","5/25/2023 1:31:44 PM","0000-00","0","no battery","V","353819","µV","","µV"
"06/13/2023","14:02:34","8","default","139783136","OXY_CH8","19.449","min","78.734","μmol/L","Humid","21.859","deg","142595","µV","29.891","°C","1017.000","hPa","0.0","pmil","0","55.292","deg","20.000","°C","100.000","μmol/L","21.658","deg","20.000","°C","1013.000","hPa","0.825","-0.013","0.000365","-0.00015","0","10","Humid","29.05","0","27.30","277163.40","SABD0002000026","AAV2.0.0.13","4.0.0.2353","PSt7-10","221103-017","5/25/2023 1:31:44 PM","0000-00","0","no battery","V","353819","µV","","µV"
"06/13/2023","14:02:37","8","default","139783136","OXY_CH8","19.499","min","78.761","μmol/L","Humid","21.856","deg","142608","µV","29.885","°C","1016.000","hPa","0.0","pmil","0","55.292","deg","20.000","°C","100.000","μmol/L","21.658","deg","20.000","°C","1013.000","hPa","0.825","-0.013","0.000365","-0.00015","0","10","Humid","29.05","0","27.30","277170.80","SABD0002000026","AAV2.0.0.13","4.0.0.2353","PSt7-10","221103-017","5/25/2023 1:31:44 PM","0000-00","0","no battery","V","353819","µV","","µV"
"06/13/2023","14:02:40","8","default","139783136","OXY_CH8","19.550","min","78.771","μmol/L","Humid","21.855","deg","142586","µV","29.885","°C","1017.000","hPa","0.0","pmil","0","55.292","deg","20.000","°C","100.000","μmol/L","21.658","deg","20.000","°C","1013.000","hPa","0.825","-0.013","0.000365","-0.00015","0","10","Humid","29.05","0","27.30","277155.38","SABD0002000026","AAV2.0.0.13","4.0.0.2353","PSt7-10","221103-017","5/25/2023 1:31:44 PM","0000-00","0","no battery","V","353819","µV","","µV"
"06/13/2023","14:02:43","8","default","139783136","OXY_CH8","19.599","min","78.789","μmol/L","Humid","21.854","deg","142584","µV","29.879","°C","1017.000","hPa","0.0","pmil","0","55.292","deg","20.000","°C","100.000","μmol/L","21.658","deg","20.000","°C","1013.000","hPa","0.825","-0.013","0.000365","-0.00015","0","10","Humid","29.05","0","27.30","277153.70","SABD0002000026","AAV2.0.0.13","4.0.0.2353","PSt7-10","221103-017","5/25/2023 1:31:44 PM","0000-00","0","no battery","V","353819","µV","","µV"
"06/13/2023","14:02:46","8","default","139783136","OXY_CH8","19.649","min","78.785","μmol/L","Humid","21.854","deg","142577","µV","29.879","°C","1016.000","hPa","0.0","pmil","0","55.292","deg","20.000","°C","100.000","μmol/L","21.658","deg","20.000","°C","1013.000","hPa","0.825","-0.013","0.000365","-0.00015","0","10","Humid","29.05","0","27.30","277149.46","SABD0002000026","AAV2.0.0.13","4.0.0.2353","PSt7-10","221103-017","5/25/2023 1:31:44 PM","0000-00","0","no battery","V","353819","µV","","µV"
"06/13/2023","14:02:49","8","default","139783136","OXY_CH8","19.700","min","78.765","μmol/L","Humid","21.854","deg","142569","µV","29.891","°C","1016.000","hPa","0.0","pmil","0","55.292","deg","20.000","°C","100.000","μmol/L","21.658","deg","20.000","°C","1013.000","hPa","0.825","-0.013","0.000365","-0.00015","0","10","Humid","29.05","0","27.30","277136.79","SABD0002000026","AAV2.0.0.13","4.0.0.2353","PSt7-10","221103-017","5/25/2023 1:31:44 PM","0000-00","0","no battery","V","353819","µV","","µV"
"06/13/2023","14:02:52","8","default","139783136","OXY_CH8","19.749","min","78.761","μmol/L","Humid","21.856","deg","142567","µV","29.885","°C","1016.000","hPa","0.0","pmil","0","55.292","deg","20.000","°C","100.000","μmol/L","21.658","deg","20.000","°C","1013.000","hPa","0.825","-0.013","0.000365","-0.00015","0","10","Humid","29.05","0","27.30","277135.89","SABD0002000026","AAV2.0.0.13","4.0.0.2353","PSt7-10","221103-017","5/25/2023 1:31:44 PM","0000-00","0","no battery","V","353819","µV","","µV"
"06/13/2023","14:02:55","8","default","139783136","OXY_CH8","19.799","min","78.775","μmol/L","Humid","21.854","deg","142563","µV","29.885","°C","1016.000","hPa","0.0","pmil","0","55.292","deg","20.000","°C","100.000","μmol/L","21.658","deg","20.000","°C","1013.000","hPa","0.825","-0.013","0.000365","-0.00015","0","10","Humid","29.05","0","27.30","277146.27","SABD0002000026","AAV2.0.0.13","4.0.0.2353","PSt7-10","221103-017","5/25/2023 1:31:44 PM","0000-00","0","no battery","V","353819","µV","","µV"
"06/13/2023","14:02:58","8","default","139783136","OXY_CH8","19.849","min","78.816","μmol/L","Humid","21.850","deg","142553","µV","29.879","°C","1017.000","hPa","0.0","pmil","0","55.292","deg","20.000","°C","100.000","μmol/L","21.658","deg","20.000","°C","1013.000","hPa","0.825","-0.013","0.000365","-0.00015","0","10","Humid","29.05","0","27.30","277138.94","SABD0002000026","AAV2.0.0.13","4.0.0.2353","PSt7-10","221103-017","5/25/2023 1:31:44 PM","0000-00","0","no battery","V","353819","µV","","µV"
"06/13/2023","14:03:01","8","default","139783136","OXY_CH8","19.899","min","78.782","μmol/L","Humid","21.853","deg","142555","µV","29.885","°C","1016.000","hPa","0.0","pmil","0","55.292","deg","20.000","°C","100.000","μmol/L","21.658","deg","20.000","°C","1013.000","hPa","0.825","-0.013","0.000365","-0.00015","0","10","Humid","29.05","0","27.30","277151.86","SABD0002000026","AAV2.0.0.13","4.0.0.2353","PSt7-10","221103-017","5/25/2023 1:31:44 PM","0000-00","0","no battery","V","353819","µV","","µV"
"06/13/2023","14:03:04","8","default","139783136","OXY_CH8","19.949","min","78.799","μmol/L","Humid","21.852","deg","142556","µV","29.879","°C","1016.000","hPa","0.0","pmil","0","55.292","deg","20.000","°C","100.000","μmol/L","21.658","deg","20.000","°C","1013.000","hPa","0.825","-0.013","0.000365","-0.00015","0","10","Humid","29.05","0","27.30","277162.60","SABD0002000026","AAV2.0.0.13","4.0.0.2353","PSt7-10","221103-017","5/25/2023 1:31:44 PM","0000-00","0","no battery","V","353819","µV","","µV"
"06/13/2023","14:03:07","8","default","139783136","OXY_CH8","19.999","min","78.799","μmol/L","Humid","21.851","deg","142546","µV","29.885","°C","1017.000","hPa","0.0","pmil","0","55.292","deg","20.000","°C","100.000","μmol/L","21.658","deg","20.000","°C","1013.000","hPa","0.825","-0.013","0.000365","-0.00015","0","10","Humid","29.05","0","27.30","277155.45","SABD0002000026","AAV2.0.0.13","4.0.0.2353","PSt7-10","221103-017","5/25/2023 1:31:44 PM","0000-00","0","no battery","V","353819","µV","","µV"
"06/13/2023","14:03:10","8","default","139783136","OXY_CH8","20.049","min","78.799","μmol/L","Humid","21.852","deg","142547","µV","29.879","°C","1016.000","hPa","0.0","pmil","0","55.292","deg","20.000","°C","100.000","μmol/L","21.658","deg","20.000","°C","1013.000","hPa","0.825","-0.013","0.000365","-0.00015","0","10","Humid","29.05","0","27.30","277140.39","SABD0002000026","AAV2.0.0.13","4.0.0.2353","PSt7-10","221103-017","5/25/2023 1:31:44 PM","0000-00","0","no battery","V","353819","µV","","µV"
"06/13/2023","14:03:13","8","default","139783136","OXY_CH8","20.099","min","78.802","μmol/L","Humid","21.852","deg","142543","µV","29.879","°C","1017.000","hPa","0.0","pmil","0","55.292","deg","20.000","°C","100.000","μmol/L","21.658","deg","20.000","°C","1013.000","hPa","0.825","-0.013","0.000365","-0.00015","0","10","Humid","29.05","0","27.30","277137.06","SABD0002000026","AAV2.0.0.13","4.0.0.2353","PSt7-10","221103-017","5/25/2023 1:31:44 PM","0000-00","0","no battery","V","353819","µV","","µV"
"06/13/2023","14:03:16","8","default","139783136","OXY_CH8","20.149","min","78.802","μmol/L","Humid","21.852","deg","142536","µV","29.879","°C","1017.000","hPa","0.0","pmil","0","55.292","deg","20.000","°C","100.000","μmol/L","21.658","deg","20.000","°C","1013.000","hPa","0.825","-0.013","0.000365","-0.00015","0","10","Humid","29.05","0","27.30","277143.39","SABD0002000026","AAV2.0.0.13","4.0.0.2353","PSt7-10","221103-017","5/25/2023 1:31:44 PM","0000-00","0","no battery","V","353819","µV","","µV"
"06/13/2023","14:03:19","8","default","139783136","OXY_CH8","20.199","min","78.802","μmol/L","Humid","21.853","deg","142526","µV","29.873","°C","1016.000","hPa","0.0","pmil","0","55.292","deg","20.000","°C","100.000","μmol/L","21.658","deg","20.000","°C","1013.000","hPa","0.825","-0.013","0.000365","-0.00015","0","10","Humid","29.05","0","27.30","277138.59","SABD0002000026","AAV2.0.0.13","4.0.0.2353","PSt7-10","221103-017","5/25/2023 1:31:44 PM","0000-00","0","no battery","V","353819","µV","","µV"
"06/13/2023","14:03:22","8","default","139783136","OXY_CH8","20.250","min","78.836","μmol/L","Humid","21.848","deg","142537","µV","29.873","°C","1016.000","hPa","0.0","pmil","0","55.292","deg","20.000","°C","100.000","μmol/L","21.658","deg","20.000","°C","1013.000","hPa","0.825","-0.013","0.000365","-0.00015","0","10","Humid","29.05","0","27.30","277142.42","SABD0002000026","AAV2.0.0.13","4.0.0.2353","PSt7-10","221103-017","5/25/2023 1:31:44 PM","0000-00","0","no battery","V","353819","µV","","µV"
"06/13/2023","14:03:25","8","default","139783136","OXY_CH8","20.299","min","78.816","μmol/L","Humid","21.851","deg","142524","µV","29.873","°C","1016.000","hPa","0.0","pmil","0","55.292","deg","20.000","°C","100.000","μmol/L","21.658","deg","20.000","°C","1013.000","hPa","0.825","-0.013","0.000365","-0.00015","0","10","Humid","29.05","0","27.30","277146.94","SABD0002000026","AAV2.0.0.13","4.0.0.2353","PSt7-10","221103-017","5/25/2023 1:31:44 PM","0000-00","0","no battery","V","353819","µV","","µV"
"06/13/2023","14:03:28","8","default","139783136","OXY_CH8","20.349","min","78.836","μmol/L","Humid","21.848","deg","142522","µV","29.873","°C","1016.000","hPa","0.0","pmil","0","55.292","deg","20.000","°C","100.000","μmol/L","21.658","deg","20.000","°C","1013.000","hPa","0.825","-0.013","0.000365","-0.00015","0","10","Humid","29.05","0","27.30","277145.95","SABD0002000026","AAV2.0.0.13","4.0.0.2353","PSt7-10","221103-017","5/25/2023 1:31:44 PM","0000-00","0","no battery","V","353819","µV","","µV"
"06/13/2023","14:03:31","8","default","139783136","OXY_CH8","20.399","min","78.806","μmol/L","Humid","21.853","deg","142506","µV","29.873","°C","1017.000","hPa","0.0","pmil","0","55.292","deg","20.000","°C","100.000","μmol/L","21.658","deg","20.000","°C","1013.000","hPa","0.825","-0.013","0.000365","-0.00015","0","10","Humid","29.05","0","27.30","277137.50","SABD0002000026","AAV2.0.0.13","4.0.0.2353","PSt7-10","221103-017","5/25/2023 1:31:44 PM","0000-00","0","no battery","V","353819","µV","","µV"
"06/13/2023","14:03:34","8","default","139783136","OXY_CH8","20.449","min","78.806","μmol/L","Humid","21.853","deg","142500","µV","29.873","°C","1017.000","hPa","0.0","pmil","0","55.292","deg","20.000","°C","100.000","μmol/L","21.658","deg","20.000","°C","1013.000","hPa","0.825","-0.013","0.000365","-0.00015","0","10","Humid","29.05","0","27.30","277145.36","SABD0002000026","AAV2.0.0.13","4.0.0.2353","PSt7-10","221103-017","5/25/2023 1:31:44 PM","0000-00","0","no battery","V","353819","µV","","µV"
"06/13/2023","14:03:37","8","default","139783136","OXY_CH8","20.499","min","78.840","μmol/L","Humid","21.851","deg","142501","µV","29.861","°C","1017.000","hPa","0.0","pmil","0","55.292","deg","20.000","°C","100.000","μmol/L","21.658","deg","20.000","°C","1013.000","hPa","0.825","-0.013","0.000365","-0.00015","0","10","Humid","29.05","0","27.30","277134.91","SABD0002000026","AAV2.0.0.13","4.0.0.2353","PSt7-10","221103-017","5/25/2023 1:31:44 PM","0000-00","0","no battery","V","353819","µV","","µV"
"06/13/2023","14:03:40","8","default","139783136","OXY_CH8","20.549","min","78.874","μmol/L","Humid","21.846","deg","142487","µV","29.861","°C","1017.000","hPa","0.0","pmil","0","55.292","deg","20.000","°C","100.000","μmol/L","21.658","deg","20.000","°C","1013.000","hPa","0.825","-0.013","0.000365","-0.00015","0","10","Humid","29.05","0","27.30","277136.98","SABD0002000026","AAV2.0.0.13","4.0.0.2353","PSt7-10","221103-017","5/25/2023 1:31:44 PM","0000-00","0","no battery","V","353819","µV","","µV"
"06/13/2023","14:03:43","8","default","139783136","OXY_CH8","20.599","min","78.843","μmol/L","Humid","21.849","deg","142484","µV","29.867","°C","1017.000","hPa","0.0","pmil","0","55.292","deg","20.000","°C","100.000","μmol/L","21.658","deg","20.000","°C","1013.000","hPa","0.825","-0.013","0.000365","-0.00015","0","10","Humid","29.05","0","27.30","277136.69","SABD0002000026","AAV2.0.0.13","4.0.0.2353","PSt7-10","221103-017","5/25/2023 1:31:44 PM","0000-00","0","no battery","V","353819","µV","","µV"
"06/13/2023","14:03:46","8","default","139783136","OXY_CH8","20.649","min","78.860","μmol/L","Humid","21.848","deg","142477","µV","29.861","°C","1017.000","hPa","0.0","pmil","0","55.292","deg","20.000","°C","100.000","μmol/L","21.658","deg","20.000","°C","1013.000","hPa","0.825","-0.013","0.000365","-0.00015","0","10","Humid","29.05","0","27.30","277118.09","SABD0002000026","AAV2.0.0.13","4.0.0.2353","PSt7-10","221103-017","5/25/2023 1:31:44 PM","0000-00","0","no battery","V","353819","µV","","µV"
"06/13/2023","14:03:49","8","default","139783136","OXY_CH8","20.699","min","78.840","μmol/L","Humid","21.849","deg","142479","µV","29.867","°C","1016.000","hPa","0.0","pmil","0","55.292","deg","20.000","°C","100.000","μmol/L","21.658","deg","20.000","°C","1013.000","hPa","0.825","-0.013","0.000365","-0.00015","0","10","Humid","29.05","0","27.30","277138.18","SABD0002000026","AAV2.0.0.13","4.0.0.2353","PSt7-10","221103-017","5/25/2023 1:31:44 PM","0000-00","0","no battery","V","353819","µV","","µV"
"06/13/2023","14:03:52","8","default","139783136","OXY_CH8","20.749","min","78.867","μmol/L","Humid","21.848","deg","142469","µV","29.855","°C","1016.000","hPa","0.0","pmil","0","55.292","deg","20.000","°C","100.000","μmol/L","21.658","deg","20.000","°C","1013.000","hPa","0.825","-0.013","0.000365","-0.00015","0","10","Humid","29.05","0","27.30","277115.72","SABD0002000026","AAV2.0.0.13","4.0.0.2353","PSt7-10","221103-017","5/25/2023 1:31:44 PM","0000-00","0","no battery","V","353819","µV","","µV"
"06/13/2023","14:03:55","8","default","139783136","OXY_CH8","20.799","min","78.891","μmol/L","Humid","21.845","deg","142462","µV","29.855","°C","1017.000","hPa","0.0","pmil","0","55.292","deg","20.000","°C","100.000","μmol/L","21.658","deg","20.000","°C","1013.000","hPa","0.825","-0.013","0.000365","-0.00015","0","10","Humid","29.05","0","27.30","277112.88","SABD0002000026","AAV2.0.0.13","4.0.0.2353","PSt7-10","221103-017","5/25/2023 1:31:44 PM","0000-00","0","no battery","V","353819","µV","","µV"
"06/13/2023","14:03:58","8","default","139783136","OXY_CH8","20.849","min","78.857","μmol/L","Humid","21.847","deg","142457","µV","29.867","°C","1017.000","hPa","0.0","pmil","0","55.292","deg","20.000","°C","100.000","μmol/L","21.658","deg","20.000","°C","1013.000","hPa","0.825","-0.013","0.000365","-0.00015","0","10","Humid","29.05","0","27.30","277115.19","SABD0002000026","AAV2.0.0.13","4.0.0.2353","PSt7-10","221103-017","5/25/2023 1:31:44 PM","0000-00","0","no battery","V","353819","µV","","µV"
"06/13/2023","14:04:01","8","default","139783136","OXY_CH8","20.899","min","78.877","μmol/L","Humid","21.847","deg","142449","µV","29.855","°C","1017.000","hPa","0.0","pmil","0","55.292","deg","20.000","°C","100.000","μmol/L","21.658","deg","20.000","°C","1013.000","hPa","0.825","-0.013","0.000365","-0.00015","0","10","Humid","29.05","0","27.30","277113.34","SABD0002000026","AAV2.0.0.13","4.0.0.2353","PSt7-10","221103-017","5/25/2023 1:31:44 PM","0000-00","0","no battery","V","353819","µV","","µV"
"06/13/2023","14:04:04","8","default","139783136","OXY_CH8","20.949","min","78.874","μmol/L","Humid","21.846","deg","142453","µV","29.861","°C","1017.000","hPa","0.0","pmil","0","55.292","deg","20.000","°C","100.000","μmol/L","21.658","deg","20.000","°C","1013.000","hPa","0.825","-0.013","0.000365","-0.00015","0","10","Humid","29.05","0","27.30","277105.19","SABD0002000026","AAV2.0.0.13","4.0.0.2353","PSt7-10","221103-017","5/25/2023 1:31:44 PM","0000-00","0","no battery","V","353819","µV","","µV"
"06/13/2023","14:04:07","8","default","139783136","OXY_CH8","21.000","min","78.850","μmol/L","Humid","21.849","deg","142449","µV","29.861","°C","1016.000","hPa","0.0","pmil","0","55.292","deg","20.000","°C","100.000","μmol/L","21.658","deg","20.000","°C","1013.000","hPa","0.825","-0.013","0.000365","-0.00015","0","10","Humid","29.05","0","27.30","277108.85","SABD0002000026","AAV2.0.0.13","4.0.0.2353","PSt7-10","221103-017","5/25/2023 1:31:44 PM","0000-00","0","no battery","V","353819","µV","","µV"
"06/13/2023","14:04:10","8","default","139783136","OXY_CH8","21.048","min","78.863","μmol/L","Humid","21.847","deg","142443","µV","29.861","°C","1016.000","hPa","0.0","pmil","0","55.292","deg","20.000","°C","100.000","μmol/L","21.658","deg","20.000","°C","1013.000","hPa","0.825","-0.013","0.000365","-0.00015","0","10","Humid","29.05","0","27.30","277112.27","SABD0002000026","AAV2.0.0.13","4.0.0.2353","PSt7-10","221103-017","5/25/2023 1:31:44 PM","0000-00","0","no battery","V","353819","µV","","µV"
"06/13/2023","14:04:13","8","default","139783136","OXY_CH8","21.099","min","78.881","μmol/L","Humid","21.846","deg","142439","µV","29.855","°C","1016.000","hPa","0.0","pmil","0","55.292","deg","20.000","°C","100.000","μmol/L","21.658","deg","20.000","°C","1013.000","hPa","0.825","-0.013","0.000365","-0.00015","0","10","Humid","29.05","0","27.30","277121.19","SABD0002000026","AAV2.0.0.13","4.0.0.2353","PSt7-10","221103-017","5/25/2023 1:31:44 PM","0000-00","0","no battery","V","353819","µV","","µV"
"06/13/2023","14:04:16","8","default","139783136","OXY_CH8","21.149","min","78.887","μmol/L","Humid","21.845","deg","142428","µV","29.855","°C","1016.000","hPa","0.0","pmil","0","55.292","deg","20.000","°C","100.000","μmol/L","21.658","deg","20.000","°C","1013.000","hPa","0.825","-0.013","0.000365","-0.00015","0","10","Humid","29.05","0","27.30","277118.52","SABD0002000026","AAV2.0.0.13","4.0.0.2353","PSt7-10","221103-017","5/25/2023 1:31:44 PM","0000-00","0","no battery","V","353819","µV","","µV"
"06/13/2023","14:04:19","8","default","139783136","OXY_CH8","21.199","min","78.884","μmol/L","Humid","21.844","deg","142438","µV","29.861","°C","1016.000","hPa","0.0","pmil","0","55.292","deg","20.000","°C","100.000","μmol/L","21.658","deg","20.000","°C","1013.000","hPa","0.825","-0.013","0.000365","-0.00015","0","10","Humid","29.05","0","27.30","277112.95","SABD0002000026","AAV2.0.0.13","4.0.0.2353","PSt7-10","221103-017","5/25/2023 1:31:44 PM","0000-00","0","no battery","V","353819","µV","","µV"
"06/13/2023","14:04:22","8","default","139783136","OXY_CH8","21.249","min","78.894","μmol/L","Humid","21.844","deg","142417","µV","29.855","°C","1016.000","hPa","0.0","pmil","0","55.292","deg","20.000","°C","100.000","μmol/L","21.658","deg","20.000","°C","1013.000","hPa","0.825","-0.013","0.000365","-0.00015","0","10","Humid","29.05","0","27.30","277110.28","SABD0002000026","AAV2.0.0.13","4.0.0.2353","PSt7-10","221103-017","5/25/2023 1:31:44 PM","0000-00","0","no battery","V","353819","µV","","µV"
"06/13/2023","14:04:25","8","default","139783136","OXY_CH8","21.299","min","78.887","μmol/L","Humid","21.845","deg","142422","µV","29.855","°C","1016.000","hPa","0.0","pmil","0","55.292","deg","20.000","°C","100.000","μmol/L","21.658","deg","20.000","°C","1013.000","hPa","0.825","-0.013","0.000365","-0.00015","0","10","Humid","29.05","0","27.30","277107.42","SABD0002000026","AAV2.0.0.13","4.0.0.2353","PSt7-10","221103-017","5/25/2023 1:31:44 PM","0000-00","0","no battery","V","353819","µV","","µV"
"06/13/2023","14:04:28","8","default","139783136","OXY_CH8","21.349","min","78.898","μmol/L","Humid","21.845","deg","142419","µV","29.848","°C","1016.000","hPa","0.0","pmil","0","55.292","deg","20.000","°C","100.000","μmol/L","21.658","deg","20.000","°C","1013.000","hPa","0.825","-0.013","0.000365","-0.00015","0","10","Humid","29.05","0","27.30","277108.30","SABD0002000026","AAV2.0.0.13","4.0.0.2353","PSt7-10","221103-017","5/25/2023 1:31:44 PM","0000-00","0","no battery","V","353819","µV","","µV"
"06/13/2023","14:04:31","8","default","139783136","OXY_CH8","21.399","min","78.915","μmol/L","Humid","21.841","deg","142421","µV","29.855","°C","1016.000","hPa","0.0","pmil","0","55.292","deg","20.000","°C","100.000","μmol/L","21.658","deg","20.000","°C","1013.000","hPa","0.825","-0.013","0.000365","-0.00015","0","10","Humid","29.05","0","27.30","277097.17","SABD0002000026","AAV2.0.0.13","4.0.0.2353","PSt7-10","221103-017","5/25/2023 1:31:44 PM","0000-00","0","no battery","V","353819","µV","","µV"
"06/13/2023","14:04:34","8","default","139783136","OXY_CH8","21.449","min","78.918","μmol/L","Humid","21.842","deg","142412","µV","29.848","°C","1016.000","hPa","0.0","pmil","0","55.292","deg","20.000","°C","100.000","μmol/L","21.658","deg","20.000","°C","1013.000","hPa","0.825","-0.013","0.000365","-0.00015","0","10","Humid","29.05","0","27.30","277097.26","SABD0002000026","AAV2.0.0.13","4.0.0.2353","PSt7-10","221103-017","5/25/2023 1:31:44 PM","0000-00","0","no battery","V","353819","µV","","µV"
"06/13/2023","14:04:37","8","default","139783136","OXY_CH8","21.500","min","78.928","μmol/L","Humid","21.842","deg","142416","µV","29.842","°C","1016.000","hPa","0.0","pmil","0","55.292","deg","20.000","°C","100.000","μmol/L","21.658","deg","20.000","°C","1013.000","hPa","0.825","-0.013","0.000365","-0.00015","0","10","Humid","29.05","0","27.30","277105.36","SABD0002000026","AAV2.0.0.13","4.0.0.2353","PSt7-10","221103-017","5/25/2023 1:31:44 PM","0000-00","0","no battery","V","353819","µV","","µV"
"06/13/2023","14:04:40","8","default","139783136","OXY_CH8","21.549","min","78.904","μmol/L","Humid","21.844","deg","142404","µV","29.848","°C","1016.000","hPa","0.0","pmil","0","55.292","deg","20.000","°C","100.000","μmol/L","21.658","deg","20.000","°C","1013.000","hPa","0.825","-0.013","0.000365","-0.00015","0","10","Humid","29.05","0","27.30","277101.33","SABD0002000026","AAV2.0.0.13","4.0.0.2353","PSt7-10","221103-017","5/25/2023 1:31:44 PM","0000-00","0","no battery","V","353819","µV","","µV"
"06/13/2023","14:04:43","8","default","139783136","OXY_CH8","21.599","min","78.935","μmol/L","Humid","21.841","deg","142400","µV","29.842","°C","1016.000","hPa","0.0","pmil","0","55.292","deg","20.000","°C","100.000","μmol/L","21.658","deg","20.000","°C","1013.000","hPa","0.825","-0.013","0.000365","-0.00015","0","10","Humid","29.05","0","27.30","277095.60","SABD0002000026","AAV2.0.0.13","4.0.0.2353","PSt7-10","221103-017","5/25/2023 1:31:44 PM","0000-00","0","no battery","V","353819","µV","","µV"
"06/13/2023","14:04:46","8","default","139783136","OXY_CH8","21.649","min","78.925","μmol/L","Humid","21.843","deg","142392","µV","29.842","°C","1017.000","hPa","0.0","pmil","0","55.292","deg","20.000","°C","100.000","μmol/L","21.658","deg","20.000","°C","1013.000","hPa","0.825","-0.013","0.000365","-0.00015","0","10","Humid","29.05","0","27.30","277102.46","SABD0002000026","AAV2.0.0.13","4.0.0.2353","PSt7-10","221103-017","5/25/2023 1:31:44 PM","0000-00","0","no battery","V","353819","µV","","µV"
"06/13/2023","14:04:49","8","default","139783136","OXY_CH8","21.699","min","78.938","μmol/L","Humid","21.841","deg","142385","µV","29.842","°C","1017.000","hPa","0.0","pmil","0","55.292","deg","20.000","°C","100.000","μmol/L","21.658","deg","20.000","°C","1013.000","hPa","0.825","-0.013","0.000365","-0.00015","0","10","Humid","29.05","0","27.30","277093.48","SABD0002000026","AAV2.0.0.13","4.0.0.2353","PSt7-10","221103-017","5/25/2023 1:31:44 PM","0000-00","0","no battery","V","353819","µV","","µV"
"06/13/2023","14:04:52","8","default","139783136","OXY_CH8","21.749","min","78.942","μmol/L","Humid","21.842","deg","142378","µV","29.836","°C","1017.000","hPa","0.0","pmil","0","55.292","deg","20.000","°C","100.000","μmol/L","21.658","deg","20.000","°C","1013.000","hPa","0.825","-0.013","0.000365","-0.00015","0","10","Humid","29.05","0","27.30","277089.40","SABD0002000026","AAV2.0.0.13","4.0.0.2353","PSt7-10","221103-017","5/25/2023 1:31:44 PM","0000-00","0","no battery","V","353819","µV","","µV"
"06/13/2023","14:04:55","8","default","139783136","OXY_CH8","21.800","min","78.976","μmol/L","Humid","21.837","deg","142376","µV","29.836","°C","1017.000","hPa","0.0","pmil","0","55.292","deg","20.000","°C","100.000","μmol/L","21.658","deg","20.000","°C","1013.000","hPa","0.825","-0.013","0.000365","-0.00015","0","10","Humid","29.05","0","27.30","277098.76","SABD0002000026","AAV2.0.0.13","4.0.0.2353","PSt7-10","221103-017","5/25/2023 1:31:44 PM","0000-00","0","no battery","V","353819","µV","","µV"
"06/13/2023","14:04:58","8","default","139783136","OXY_CH8","21.849","min","78.952","μmol/L","Humid","21.840","deg","142373","µV","29.836","°C","1016.000","hPa","0.0","pmil","0","55.292","deg","20.000","°C","100.000","μmol/L","21.658","deg","20.000","°C","1013.000","hPa","0.825","-0.013","0.000365","-0.00015","0","10","Humid","29.05","0","27.30","277082.06","SABD0002000026","AAV2.0.0.13","4.0.0.2353","PSt7-10","221103-017","5/25/2023 1:31:44 PM","0000-00","0","no battery","V","353819","µV","","µV"
"06/13/2023","14:05:01","8","default","139783136","OXY_CH8","21.899","min","78.928","μmol/L","Humid","21.841","deg","142374","µV","29.848","°C","1017.000","hPa","0.0","pmil","0","55.292","deg","20.000","°C","100.000","μmol/L","21.658","deg","20.000","°C","1013.000","hPa","0.825","-0.013","0.000365","-0.00015","0","10","Humid","29.05","0","27.30","277083.95","SABD0002000026","AAV2.0.0.13","4.0.0.2353","PSt7-10","221103-017","5/25/2023 1:31:44 PM","0000-00","0","no battery","V","353819","µV","","µV"
"06/13/2023","14:05:04","8","default","139783136","OXY_CH8","21.949","min","78.956","μmol/L","Humid","21.838","deg","142368","µV","29.842","°C","1016.000","hPa","0.0","pmil","0","55.292","deg","20.000","°C","100.000","μmol/L","21.658","deg","20.000","°C","1013.000","hPa","0.825","-0.013","0.000365","-0.00015","0","10","Humid","29.05","0","27.30","277079.16","SABD0002000026","AAV2.0.0.13","4.0.0.2353","PSt7-10","221103-017","5/25/2023 1:31:44 PM","0000-00","0","no battery","V","353819","µV","","µV"
"06/13/2023","14:05:07","8","default","139783136","OXY_CH8","22.000","min","78.942","μmol/L","Humid","21.839","deg","142358","µV","29.848","°C","1017.000","hPa","0.0","pmil","0","55.292","deg","20.000","°C","100.000","μmol/L","21.658","deg","20.000","°C","1013.000","hPa","0.825","-0.013","0.000365","-0.00015","0","10","Humid","29.05","0","27.30","277079.92","SABD0002000026","AAV2.0.0.13","4.0.0.2353","PSt7-10","221103-017","5/25/2023 1:31:44 PM","0000-00","0","no battery","V","353819","µV","","µV"
"06/13/2023","14:05:10","8","default","139783136","OXY_CH8","22.049","min","78.935","μmol/L","Humid","21.841","deg","142351","µV","29.842","°C","1016.000","hPa","0.0","pmil","0","55.292","deg","20.000","°C","100.000","μmol/L","21.658","deg","20.000","°C","1013.000","hPa","0.825","-0.013","0.000365","-0.00015","0","10","Humid","29.05","0","27.30","277075.34","SABD0002000026","AAV2.0.0.13","4.0.0.2353","PSt7-10","221103-017","5/25/2023 1:31:44 PM","0000-00","0","no battery","V","353819","µV","","µV"
"06/13/2023","14:05:13","8","default","139783136","OXY_CH8","22.099","min","78.949","μmol/L","Humid","21.839","deg","142349","µV","29.842","°C","1016.000","hPa","0.0","pmil","0","55.292","deg","20.000","°C","100.000","μmol/L","21.658","deg","20.000","°C","1013.000","hPa","0.825","-0.013","0.000365","-0.00015","0","10","Humid","29.05","0","27.30","277087.58","SABD0002000026","AAV2.0.0.13","4.0.0.2353","PSt7-10","221103-017","5/25/2023 1:31:44 PM","0000-00","0","no battery","V","353819","µV","","µV"
"06/13/2023","14:05:16","8","default","139783136","OXY_CH8","22.149","min","78.962","μmol/L","Humid","21.837","deg","142347","µV","29.842","°C","1016.000","hPa","0.0","pmil","0","55.292","deg","20.000","°C","100.000","μmol/L","21.658","deg","20.000","°C","1013.000","hPa","0.825","-0.013","0.000365","-0.00015","0","10","Humid","29.05","0","27.30","277085.68","SABD0002000026","AAV2.0.0.13","4.0.0.2353","PSt7-10","221103-017","5/25/2023 1:31:44 PM","0000-00","0","no battery","V","353819","µV","","µV"
"06/13/2023","14:05:19","8","default","139783136","OXY_CH8","22.199","min","78.976","μmol/L","Humid","21.838","deg","142349","µV","29.830","°C","1016.000","hPa","0.0","pmil","0","55.292","deg","20.000","°C","100.000","μmol/L","21.658","deg","20.000","°C","1013.000","hPa","0.825","-0.013","0.000365","-0.00015","0","10","Humid","29.05","0","27.30","277072.19","SABD0002000026","AAV2.0.0.13","4.0.0.2353","PSt7-10","221103-017","5/25/2023 1:31:44 PM","0000-00","0","no battery","V","353819","µV","","µV"
"06/13/2023","14:05:22","8","default","139783136","OXY_CH8","22.249","min","78.959","μmol/L","Humid","21.839","deg","142350","µV","29.836","°C","1016.000","hPa","0.0","pmil","0","55.292","deg","20.000","°C","100.000","μmol/L","21.658","deg","20.000","°C","1013.000","hPa","0.825","-0.013","0.000365","-0.00015","0","10","Humid","29.05","0","27.30","277082.75","SABD0002000026","AAV2.0.0.13","4.0.0.2353","PSt7-10","221103-017","5/25/2023 1:31:44 PM","0000-00","0","no battery","V","353819","µV","","µV"
"06/13/2023","14:05:25","8","default","139783136","OXY_CH8","22.299","min","78.990","μmol/L","Humid","21.836","deg","142334","µV","29.830","°C","1016.000","hPa","0.0","pmil","0","55.292","deg","20.000","°C","100.000","μmol/L","21.658","deg","20.000","°C","1013.000","hPa","0.825","-0.013","0.000365","-0.00015","0","10","Humid","29.05","0","27.30","277084.54","SABD0002000026","AAV2.0.0.13","4.0.0.2353","PSt7-10","221103-017","5/25/2023 1:31:44 PM","0000-00","0","no battery","V","353819","µV","","µV"
"06/13/2023","14:05:28","8","default","139783136","OXY_CH8","22.350","min","78.990","μmol/L","Humid","21.836","deg","142334","µV","29.830","°C","1016.000","hPa","0.0","pmil","0","55.292","deg","20.000","°C","100.000","μmol/L","21.658","deg","20.000","°C","1013.000","hPa","0.825","-0.013","0.000365","-0.00015","0","10","Humid","29.05","0","27.30","277067.77","SABD0002000026","AAV2.0.0.13","4.0.0.2353","PSt7-10","221103-017","5/25/2023 1:31:44 PM","0000-00","0","no battery","V","353819","µV","","µV"
"06/13/2023","14:05:31","8","default","139783136","OXY_CH8","22.399","min","78.976","μmol/L","Humid","21.838","deg","142325","µV","29.830","°C","1016.000","hPa","0.0","pmil","0","55.292","deg","20.000","°C","100.000","μmol/L","21.658","deg","20.000","°C","1013.000","hPa","0.825","-0.013","0.000365","-0.00015","0","10","Humid","29.05","0","27.30","277079.34","SABD0002000026","AAV2.0.0.13","4.0.0.2353","PSt7-10","221103-017","5/25/2023 1:31:44 PM","0000-00","0","no battery","V","353819","µV","","µV"
"06/13/2023","14:05:34","8","default","139783136","OXY_CH8","22.449","min","79.020","μmol/L","Humid","21.833","deg","142326","µV","29.824","°C","1016.000","hPa","0.0","pmil","0","55.292","deg","20.000","°C","100.000","μmol/L","21.658","deg","20.000","°C","1013.000","hPa","0.825","-0.013","0.000365","-0.00015","0","10","Humid","29.05","0","27.30","277079.64","SABD0002000026","AAV2.0.0.13","4.0.0.2353","PSt7-10","221103-017","5/25/2023 1:31:44 PM","0000-00","0","no battery","V","353819","µV","","µV"
"06/13/2023","14:05:37","8","default","139783136","OXY_CH8","22.499","min","79.010","μmol/L","Humid","21.833","deg","142311","µV","29.830","°C","1016.000","hPa","0.0","pmil","0","55.292","deg","20.000","°C","100.000","μmol/L","21.658","deg","20.000","°C","1013.000","hPa","0.825","-0.013","0.000365","-0.00015","0","10","Humid","29.05","0","27.30","277059.23","SABD0002000026","AAV2.0.0.13","4.0.0.2353","PSt7-10","221103-017","5/25/2023 1:31:44 PM","0000-00","0","no battery","V","353819","µV","","µV"
"06/13/2023","14:05:40","8","default","139783136","OXY_CH8","22.550","min","79.007","μmol/L","Humid","21.835","deg","142319","µV","29.824","°C","1016.000","hPa","0.0","pmil","0","55.292","deg","20.000","°C","100.000","μmol/L","21.658","deg","20.000","°C","1013.000","hPa","0.825","-0.013","0.000365","-0.00015","0","10","Humid","29.05","0","27.30","277070.56","SABD0002000026","AAV2.0.0.13","4.0.0.2353","PSt7-10","221103-017","5/25/2023 1:31:44 PM","0000-00","0","no battery","V","353819","µV","","µV"
"06/13/2023","14:05:43","8","default","139783136","OXY_CH8","22.599","min","78.993","μmol/L","Humid","21.837","deg","142308","µV","29.824","°C","1016.000","hPa","0.0","pmil","0","55.292","deg","20.000","°C","100.000","μmol/L","21.658","deg","20.000","°C","1013.000","hPa","0.825","-0.013","0.000365","-0.00015","0","10","Humid","29.05","0","27.30","277063.28","SABD0002000026","AAV2.0.0.13","4.0.0.2353","PSt7-10","221103-017","5/25/2023 1:31:44 PM","0000-00","0","no battery","V","353819","µV","","µV"
"06/13/2023","14:05:46","8","default","139783136","OXY_CH8","22.649","min","79.007","μmol/L","Humid","21.835","deg","142298","µV","29.824","°C","1016.000","hPa","0.0","pmil","0","55.292","deg","20.000","°C","100.000","μmol/L","21.658","deg","20.000","°C","1013.000","hPa","0.825","-0.013","0.000365","-0.00015","0","10","Humid","29.05","0","27.30","277070.36","SABD0002000026","AAV2.0.0.13","4.0.0.2353","PSt7-10","221103-017","5/25/2023 1:31:44 PM","0000-00","0","no battery","V","353819","µV","","µV"
"06/13/2023","14:05:49","8","default","139783136","OXY_CH8","22.699","min","78.986","μmol/L","Humid","21.835","deg","142293","µV","29.836","°C","1016.000","hPa","0.0","pmil","0","55.292","deg","20.000","°C","100.000","μmol/L","21.658","deg","20.000","°C","1013.000","hPa","0.825","-0.013","0.000365","-0.00015","0","10","Humid","29.05","0","27.30","277055.66","SABD0002000026","AAV2.0.0.13","4.0.0.2353","PSt7-10","221103-017","5/25/2023 1:31:44 PM","0000-00","0","no battery","V","353819","µV","","µV"
"06/13/2023","14:05:52","8","default","139783136","OXY_CH8","22.749","min","79.000","μmol/L","Humid","21.836","deg","142288","µV","29.824","°C","1016.000","hPa","0.0","pmil","0","55.292","deg","20.000","°C","100.000","μmol/L","21.658","deg","20.000","°C","1013.000","hPa","0.825","-0.013","0.000365","-0.00015","0","10","Humid","29.05","0","27.30","277051.28","SABD0002000026","AAV2.0.0.13","4.0.0.2353","PSt7-10","221103-017","5/25/2023 1:31:44 PM","0000-00","0","no battery","V","353819","µV","","µV"
"06/13/2023","14:05:55","8","default","139783136","OXY_CH8","22.799","min","79.007","μmol/L","Humid","21.835","deg","142293","µV","29.824","°C","1016.000","hPa","0.0","pmil","0","55.292","deg","20.000","°C","100.000","μmol/L","21.658","deg","20.000","°C","1013.000","hPa","0.825","-0.013","0.000365","-0.00015","0","10","Humid","29.05","0","27.30","277064.04","SABD0002000026","AAV2.0.0.13","4.0.0.2353","PSt7-10","221103-017","5/25/2023 1:31:44 PM","0000-00","0","no battery","V","353819","µV","","µV"
"06/13/2023","14:05:58","8","default","139783136","OXY_CH8","22.849","min","79.007","μmol/L","Humid","21.835","deg","142291","µV","29.824","°C","1016.000","hPa","0.0","pmil","0","55.292","deg","20.000","°C","100.000","μmol/L","21.658","deg","20.000","°C","1013.000","hPa","0.825","-0.013","0.000365","-0.00015","0","10","Humid","29.05","0","27.30","277071.81","SABD0002000026","AAV2.0.0.13","4.0.0.2353","PSt7-10","221103-017","5/25/2023 1:31:44 PM","0000-00","0","no battery","V","353819","µV","","µV"
"06/13/2023","14:06:01","8","default","139783136","OXY_CH8","22.899","min","79.034","μmol/L","Humid","21.831","deg","142281","µV","29.824","°C","1016.000","hPa","0.0","pmil","0","55.292","deg","20.000","°C","100.000","μmol/L","21.658","deg","20.000","°C","1013.000","hPa","0.825","-0.013","0.000365","-0.00015","0","10","Humid","29.05","0","27.30","277068.65","SABD0002000026","AAV2.0.0.13","4.0.0.2353","PSt7-10","221103-017","5/25/2023 1:31:44 PM","0000-00","0","no battery","V","353819","µV","","µV"
"06/13/2023","14:06:04","8","default","139783136","OXY_CH8","22.949","min","79.020","μmol/L","Humid","21.833","deg","142272","µV","29.824","°C","1016.000","hPa","0.0","pmil","0","55.292","deg","20.000","°C","100.000","μmol/L","21.658","deg","20.000","°C","1013.000","hPa","0.825","-0.013","0.000365","-0.00015","0","10","Humid","29.05","0","27.30","277058.42","SABD0002000026","AAV2.0.0.13","4.0.0.2353","PSt7-10","221103-017","5/25/2023 1:31:44 PM","0000-00","0","no battery","V","353819","µV","","µV"
"06/13/2023","14:06:07","8","default","139783136","OXY_CH8","22.999","min","79.027","μmol/L","Humid","21.832","deg","142266","µV","29.824","°C","1016.000","hPa","0.0","pmil","0","55.292","deg","20.000","°C","100.000","μmol/L","21.658","deg","20.000","°C","1013.000","hPa","0.825","-0.013","0.000365","-0.00015","0","10","Humid","29.05","0","27.30","277060.70","SABD0002000026","AAV2.0.0.13","4.0.0.2353","PSt7-10","221103-017","5/25/2023 1:31:44 PM","0000-00","0","no battery","V","353819","µV","","µV"
"06/13/2023","14:06:10","8","default","139783136","OXY_CH8","23.049","min","79.031","μmol/L","Humid","21.832","deg","142263","µV","29.824","°C","1017.000","hPa","0.0","pmil","0","55.292","deg","20.000","°C","100.000","μmol/L","21.658","deg","20.000","°C","1013.000","hPa","0.825","-0.013","0.000365","-0.00015","0","10","Humid","29.05","0","27.30","277048.26","SABD0002000026","AAV2.0.0.13","4.0.0.2353","PSt7-10","221103-017","5/25/2023 1:31:44 PM","0000-00","0","no battery","V","353819","µV","","µV"
"06/13/2023","14:06:13","8","default","139783136","OXY_CH8","23.099","min","79.038","μmol/L","Humid","21.832","deg","142253","µV","29.818","°C","1016.000","hPa","0.0","pmil","0","55.292","deg","20.000","°C","100.000","μmol/L","21.658","deg","20.000","°C","1013.000","hPa","0.825","-0.013","0.000365","-0.00015","0","10","Humid","29.05","0","27.30","277057.47","SABD0002000026","AAV2.0.0.13","4.0.0.2353","PSt7-10","221103-017","5/25/2023 1:31:44 PM","0000-00","0","no battery","V","353819","µV","","µV"
"06/13/2023","14:06:16","8","default","139783136","OXY_CH8","23.149","min","79.038","μmol/L","Humid","21.832","deg","142253","µV","29.818","°C","1016.000","hPa","0.0","pmil","0","55.292","deg","20.000","°C","100.000","μmol/L","21.658","deg","20.000","°C","1013.000","hPa","0.825","-0.013","0.000365","-0.00015","0","10","Humid","29.05","0","27.30","277050.75","SABD0002000026","AAV2.0.0.13","4.0.0.2353","PSt7-10","221103-017","5/25/2023 1:31:44 PM","0000-00","0","no battery","V","353819","µV","","µV"
"06/13/2023","14:06:19","8","default","139783136","OXY_CH8","23.199","min","79.000","μmol/L","Humid","21.836","deg","142247","µV","29.824","°C","1016.000","hPa","0.0","pmil","0","55.292","deg","20.000","°C","100.000","μmol/L","21.658","deg","20.000","°C","1013.000","hPa","0.825","-0.013","0.000365","-0.00015","0","10","Humid","29.05","0","27.30","277060.03","SABD0002000026","AAV2.0.0.13","4.0.0.2353","PSt7-10","221103-017","5/25/2023 1:31:44 PM","0000-00","0","no battery","V","353819","µV","","µV"
"06/13/2023","14:06:22","8","default","139783136","OXY_CH8","23.249","min","79.044","μmol/L","Humid","21.831","deg","142242","µV","29.818","°C","1016.000","hPa","0.0","pmil","0","55.292","deg","20.000","°C","100.000","μmol/L","21.658","deg","20.000","°C","1013.000","hPa","0.825","-0.013","0.000365","-0.00015","0","10","Humid","29.05","0","27.30","277056.34","SABD0002000026","AAV2.0.0.13","4.0.0.2353","PSt7-10","221103-017","5/25/2023 1:31:44 PM","0000-00","0","no battery","V","353819","µV","","µV"
"06/13/2023","14:06:25","8","default","139783136","OXY_CH8","23.299","min","79.061","μmol/L","Humid","21.827","deg","142242","µV","29.824","°C","1016.000","hPa","0.0","pmil","0","55.292","deg","20.000","°C","100.000","μmol/L","21.658","deg","20.000","°C","1013.000","hPa","0.825","-0.013","0.000365","-0.00015","0","10","Humid","29.05","0","27.30","277053.67","SABD0002000026","AAV2.0.0.13","4.0.0.2353","PSt7-10","221103-017","5/25/2023 1:31:44 PM","0000-00","0","no battery","V","353819","µV","","µV"
"06/13/2023","14:06:28","8","default","139783136","OXY_CH8","23.349","min","79.031","μmol/L","Humid","21.833","deg","142229","µV","29.818","°C","1016.000","hPa","0.0","pmil","0","55.292","deg","20.000","°C","100.000","μmol/L","21.658","deg","20.000","°C","1013.000","hPa","0.825","-0.013","0.000365","-0.00015","0","10","Humid","29.05","0","27.30","277041.14","SABD0002000026","AAV2.0.0.13","4.0.0.2353","PSt7-10","221103-017","5/25/2023 1:31:44 PM","0000-00","0","no battery","V","353819","µV","","µV"
"06/13/2023","14:06:31","8","default","139783136","OXY_CH8","23.400","min","79.065","μmol/L","Humid","21.828","deg","142231","µV","29.818","°C","1016.000","hPa","0.0","pmil","0","55.292","deg","20.000","°C","100.000","μmol/L","21.658","deg","20.000","°C","1013.000","hPa","0.825","-0.013","0.000365","-0.00015","0","10","Humid","29.05","0","27.30","277035.99","SABD0002000026","AAV2.0.0.13","4.0.0.2353","PSt7-10","221103-017","5/25/2023 1:31:44 PM","0000-00","0","no battery","V","353819","µV","","µV"
"06/13/2023","14:06:34","8","default","139783136","OXY_CH8","23.449","min","79.068","μmol/L","Humid","21.829","deg","142223","µV","29.812","°C","1016.000","hPa","0.0","pmil","0","55.292","deg","20.000","°C","100.000","μmol/L","21.658","deg","20.000","°C","1013.000","hPa","0.825","-0.013","0.000365","-0.00015","0","10","Humid","29.05","0","27.30","277026.18","SABD0002000026","AAV2.0.0.13","4.0.0.2353","PSt7-10","221103-017","5/25/2023 1:31:44 PM","0000-00","0","no battery","V","353819","µV","","µV"
"06/13/2023","14:06:37","8","default","139783136","OXY_CH8","23.499","min","79.044","μmol/L","Humid","21.831","deg","142218","µV","29.818","°C","1016.000","hPa","0.0","pmil","0","55.292","deg","20.000","°C","100.000","μmol/L","21.658","deg","20.000","°C","1013.000","hPa","0.825","-0.013","0.000365","-0.00015","0","10","Humid","29.05","0","27.30","277033.97","SABD0002000026","AAV2.0.0.13","4.0.0.2353","PSt7-10","221103-017","5/25/2023 1:31:44 PM","0000-00","0","no battery","V","353819","µV","","µV"
"06/13/2023","14:06:40","8","default","139783136","OXY_CH8","23.549","min","79.068","μmol/L","Humid","21.829","deg","142220","µV","29.812","°C","1016.000","hPa","0.0","pmil","0","55.292","deg","20.000","°C","100.000","μmol/L","21.658","deg","20.000","°C","1013.000","hPa","0.825","-0.013","0.000365","-0.00015","0","10","Humid","29.05","0","27.30","277044.54","SABD0002000026","AAV2.0.0.13","4.0.0.2353","PSt7-10","221103-017","5/25/2023 1:31:44 PM","0000-00","0","no battery","V","353819","µV","","µV"
"06/13/2023","14:06:43","8","default","139783136","OXY_CH8","23.599","min","79.075","μmol/L","Humid","21.830","deg","142205","µV","29.805","°C","1017.000","hPa","0.0","pmil","0","55.292","deg","20.000","°C","100.000","μmol/L","21.658","deg","20.000","°C","1013.000","hPa","0.825","-0.013","0.000365","-0.00015","0","10","Humid","29.05","0","27.30","277035.05","SABD0002000026","AAV2.0.0.13","4.0.0.2353","PSt7-10","221103-017","5/25/2023 1:31:44 PM","0000-00","0","no battery","V","353819","µV","","µV"
"06/13/2023","14:06:46","8","default","139783136","OXY_CH8","23.649","min","79.061","μmol/L","Humid","21.829","deg","142207","µV","29.818","°C","1017.000","hPa","0.0","pmil","0","55.292","deg","20.000","°C","100.000","μmol/L","21.658","deg","20.000","°C","1013.000","hPa","0.825","-0.013","0.000365","-0.00015","0","10","Humid","29.05","0","27.30","277051.36","SABD0002000026","AAV2.0.0.13","4.0.0.2353","PSt7-10","221103-017","5/25/2023 1:31:44 PM","0000-00","0","no battery","V","353819","µV","","µV"
"06/13/2023","14:06:49","8","default","139783136","OXY_CH8","23.699","min","79.089","μmol/L","Humid","21.826","deg","142207","µV","29.812","°C","1016.000","hPa","0.0","pmil","0","55.292","deg","20.000","°C","100.000","μmol/L","21.658","deg","20.000","°C","1013.000","hPa","0.825","-0.013","0.000365","-0.00015","0","10","Humid","29.05","0","27.30","277034.53","SABD0002000026","AAV2.0.0.13","4.0.0.2353","PSt7-10","221103-017","5/25/2023 1:31:44 PM","0000-00","0","no battery","V","353819","µV","","µV"
"06/13/2023","14:06:52","8","default","139783136","OXY_CH8","23.749","min","79.065","μmol/L","Humid","21.830","deg","142200","µV","29.812","°C","1017.000","hPa","0.0","pmil","0","55.292","deg","20.000","°C","100.000","μmol/L","21.658","deg","20.000","°C","1013.000","hPa","0.825","-0.013","0.000365","-0.00015","0","10","Humid","29.05","0","27.30","277045.47","SABD0002000026","AAV2.0.0.13","4.0.0.2353","PSt7-10","221103-017","5/25/2023 1:31:44 PM","0000-00","0","no battery","V","353819","µV","","µV"
"06/13/2023","14:06:55","8","default","139783136","OXY_CH8","23.799","min","79.061","μmol/L","Humid","21.830","deg","142197","µV","29.812","°C","1016.000","hPa","0.0","pmil","0","55.292","deg","20.000","°C","100.000","μmol/L","21.658","deg","20.000","°C","1013.000","hPa","0.825","-0.013","0.000365","-0.00015","0","10","Humid","29.05","0","27.30","277041.28","SABD0002000026","AAV2.0.0.13","4.0.0.2353","PSt7-10","221103-017","5/25/2023 1:31:44 PM","0000-00","0","no battery","V","353819","µV","","µV"
"06/13/2023","14:06:58","8","default","139783136","OXY_CH8","23.849","min","79.099","μmol/L","Humid","21.826","deg","142198","µV","29.805","°C","1016.000","hPa","0.0","pmil","0","55.292","deg","20.000","°C","100.000","μmol/L","21.658","deg","20.000","°C","1013.000","hPa","0.825","-0.013","0.000365","-0.00015","0","10","Humid","29.05","0","27.30","277047.22","SABD0002000026","AAV2.0.0.13","4.0.0.2353","PSt7-10","221103-017","5/25/2023 1:31:44 PM","0000-00","0","no battery","V","353819","µV","","µV"
"06/13/2023","14:07:01","8","default","139783136","OXY_CH8","23.899","min","79.106","μmol/L","Humid","21.825","deg","142190","µV","29.805","°C","1016.000","hPa","0.0","pmil","0","55.292","deg","20.000","°C","100.000","μmol/L","21.658","deg","20.000","°C","1013.000","hPa","0.825","-0.013","0.000365","-0.00015","0","10","Humid","29.05","0","27.30","277033.54","SABD0002000026","AAV2.0.0.13","4.0.0.2353","PSt7-10","221103-017","5/25/2023 1:31:44 PM","0000-00","0","no battery","V","353819","µV","","µV"
"06/13/2023","14:07:04","8","default","139783136","OXY_CH8","23.950","min","79.079","μmol/L","Humid","21.829","deg","142184","µV","29.805","°C","1016.000","hPa","0.0","pmil","0","55.292","deg","20.000","°C","100.000","μmol/L","21.658","deg","20.000","°C","1013.000","hPa","0.825","-0.013","0.000365","-0.00015","0","10","Humid","29.05","0","27.30","277030.52","SABD0002000026","AAV2.0.0.13","4.0.0.2353","PSt7-10","221103-017","5/25/2023 1:31:44 PM","0000-00","0","no battery","V","353819","µV","","µV"
"06/13/2023","14:07:07","8","default","139783136","OXY_CH8","23.999","min","79.099","μmol/L","Humid","21.826","deg","142173","µV","29.805","°C","1016.000","hPa","0.0","pmil","0","55.292","deg","20.000","°C","100.000","μmol/L","21.658","deg","20.000","°C","1013.000","hPa","0.825","-0.013","0.000365","-0.00015","0","10","Humid","29.05","0","27.30","277028.20","SABD0002000026","AAV2.0.0.13","4.0.0.2353","PSt7-10","221103-017","5/25/2023 1:31:44 PM","0000-00","0","no battery","V","353819","µV","","µV"
"06/13/2023","14:07:10","8","default","139783136","OXY_CH8","24.049","min","79.130","μmol/L","Humid","21.823","deg","142175","µV","29.799","°C","1016.000","hPa","0.0","pmil","0","55.292","deg","20.000","°C","100.000","μmol/L","21.658","deg","20.000","°C","1013.000","hPa","0.825","-0.013","0.000365","-0.00015","0","10","Humid","29.05","0","27.30","277047.13","SABD0002000026","AAV2.0.0.13","4.0.0.2353","PSt7-10","221103-017","5/25/2023 1:31:44 PM","0000-00","0","no battery","V","353819","µV","","µV"
"06/13/2023","14:07:13","8","default","139783136","OXY_CH8","24.099","min","79.106","μmol/L","Humid","21.825","deg","142176","µV","29.805","°C","1016.000","hPa","0.0","pmil","0","55.292","deg","20.000","°C","100.000","μmol/L","21.658","deg","20.000","°C","1013.000","hPa","0.825","-0.013","0.000365","-0.00015","0","10","Humid","29.05","0","27.30","277036.66","SABD0002000026","AAV2.0.0.13","4.0.0.2353","PSt7-10","221103-017","5/25/2023 1:31:44 PM","0000-00","0","no battery","V","353819","µV","","µV"
"06/13/2023","14:07:16","8","default","139783136","OXY_CH8","24.149","min","79.096","μmol/L","Humid","21.828","deg","142162","µV","29.799","°C","1016.000","hPa","0.0","pmil","0","55.292","deg","20.000","°C","100.000","μmol/L","21.658","deg","20.000","°C","1013.000","hPa","0.825","-0.013","0.000365","-0.00015","0","10","Humid","29.05","0","27.30","277038.00","SABD0002000026","AAV2.0.0.13","4.0.0.2353","PSt7-10","221103-017","5/25/2023 1:31:44 PM","0000-00","0","no battery","V","353819","µV","","µV"
"06/13/2023","14:07:19","8","default","139783136","OXY_CH8","24.199","min","79.133","μmol/L","Humid","21.823","deg","142158","µV","29.799","°C","1017.000","hPa","0.0","pmil","0","55.292","deg","20.000","°C","100.000","μmol/L","21.658","deg","20.000","°C","1013.000","hPa","0.825","-0.013","0.000365","-0.00015","0","10","Humid","29.05","0","27.30","277016.18","SABD0002000026","AAV2.0.0.13","4.0.0.2353","PSt7-10","221103-017","5/25/2023 1:31:44 PM","0000-00","0","no battery","V","353819","µV","","µV"
"06/13/2023","14:07:22","8","default","139783136","OXY_CH8","24.249","min","79.109","μmol/L","Humid","21.825","deg","142152","µV","29.805","°C","1017.000","hPa","0.0","pmil","0","55.292","deg","20.000","°C","100.000","μmol/L","21.658","deg","20.000","°C","1013.000","hPa","0.825","-0.013","0.000365","-0.00015","0","10","Humid","29.05","0","27.30","277018.57","SABD0002000026","AAV2.0.0.13","4.0.0.2353","PSt7-10","221103-017","5/25/2023 1:31:44 PM","0000-00","0","no battery","V","353819","µV","","µV"
"06/13/2023","14:07:25","8","default","139783136","OXY_CH8","24.299","min","79.109","μmol/L","Humid","21.825","deg","142148","µV","29.805","°C","1017.000","hPa","0.0","pmil","0","55.292","deg","20.000","°C","100.000","μmol/L","21.658","deg","20.000","°C","1013.000","hPa","0.825","-0.013","0.000365","-0.00015","0","10","Humid","29.05","0","27.30","277020.62","SABD0002000026","AAV2.0.0.13","4.0.0.2353","PSt7-10","221103-017","5/25/2023 1:31:44 PM","0000-00","0","no battery","V","353819","µV","","µV"
"06/13/2023","14:07:28","8","default","139783136","OXY_CH8","24.349","min","79.126","μmol/L","Humid","21.824","deg","142148","µV","29.799","°C","1017.000","hPa","0.0","pmil","0","55.292","deg","20.000","°C","100.000","μmol/L","21.658","deg","20.000","°C","1013.000","hPa","0.825","-0.013","0.000365","-0.00015","0","10","Humid","29.05","0","27.30","277019.06","SABD0002000026","AAV2.0.0.13","4.0.0.2353","PSt7-10","221103-017","5/25/2023 1:31:44 PM","0000-00","0","no battery","V","353819","µV","","µV"
"06/13/2023","14:07:31","8","default","139783136","OXY_CH8","24.399","min","79.120","μmol/L","Humid","21.825","deg","142145","µV","29.799","°C","1017.000","hPa","0.0","pmil","0","55.292","deg","20.000","°C","100.000","μmol/L","21.658","deg","20.000","°C","1013.000","hPa","0.825","-0.013","0.000365","-0.00015","0","10","Humid","29.05","0","27.30","277030.50","SABD0002000026","AAV2.0.0.13","4.0.0.2353","PSt7-10","221103-017","5/25/2023 1:31:44 PM","0000-00","0","no battery","V","353819","µV","","µV"
"06/13/2023","14:07:34","8","default","139783136","OXY_CH8","24.449","min","79.113","μmol/L","Humid","21.826","deg","142132","µV","29.799","°C","1017.000","hPa","0.0","pmil","0","55.292","deg","20.000","°C","100.000","μmol/L","21.658","deg","20.000","°C","1013.000","hPa","0.825","-0.013","0.000365","-0.00015","0","10","Humid","29.05","0","27.30","277027.48","SABD0002000026","AAV2.0.0.13","4.0.0.2353","PSt7-10","221103-017","5/25/2023 1:31:44 PM","0000-00","0","no battery","V","353819","µV","","µV"
"06/13/2023","14:07:37","8","default","139783136","OXY_CH8","24.499","min","79.123","μmol/L","Humid","21.824","deg","142142","µV","29.799","°C","1016.000","hPa","0.0","pmil","0","55.292","deg","20.000","°C","100.000","μmol/L","21.658","deg","20.000","°C","1013.000","hPa","0.825","-0.013","0.000365","-0.00015","0","10","Humid","29.05","0","27.30","277033.17","SABD0002000026","AAV2.0.0.13","4.0.0.2353","PSt7-10","221103-017","5/25/2023 1:31:44 PM","0000-00","0","no battery","V","353819","µV","","µV"
"06/13/2023","14:07:40","8","default","139783136","OXY_CH8","24.549","min","79.147","μmol/L","Humid","21.821","deg","142130","µV","29.799","°C","1017.000","hPa","0.0","pmil","0","55.292","deg","20.000","°C","100.000","μmol/L","21.658","deg","20.000","°C","1013.000","hPa","0.825","-0.013","0.000365","-0.00015","0","10","Humid","29.05","0","27.30","277023.74","SABD0002000026","AAV2.0.0.13","4.0.0.2353","PSt7-10","221103-017","5/25/2023 1:31:44 PM","0000-00","0","no battery","V","353819","µV","","µV"
"06/13/2023","14:07:43","8","default","139783136","OXY_CH8","24.599","min","79.144","μmol/L","Humid","21.821","deg","142123","µV","29.799","°C","1016.000","hPa","0.0","pmil","0","55.292","deg","20.000","°C","100.000","μmol/L","21.658","deg","20.000","°C","1013.000","hPa","0.825","-0.013","0.000365","-0.00015","0","10","Humid","29.05","0","27.30","277016.19","SABD0002000026","AAV2.0.0.13","4.0.0.2353","PSt7-10","221103-017","5/25/2023 1:31:44 PM","0000-00","0","no battery","V","353819","µV","","µV"
"06/13/2023","14:07:46","8","default","139783136","OXY_CH8","24.649","min","79.164","μmol/L","Humid","21.821","deg","142123","µV","29.787","°C","1016.000","hPa","0.0","pmil","0","55.292","deg","20.000","°C","100.000","μmol/L","21.658","deg","20.000","°C","1013.000","hPa","0.825","-0.013","0.000365","-0.00015","0","10","Humid","29.05","0","27.30","277024.55","SABD0002000026","AAV2.0.0.13","4.0.0.2353","PSt7-10","221103-017","5/25/2023 1:31:44 PM","0000-00","0","no battery","V","353819","µV","","µV"
"06/13/2023","14:07:49","8","default","139783136","OXY_CH8","24.699","min","79.168","μmol/L","Humid","21.822","deg","142118","µV","29.781","°C","1016.000","hPa","0.0","pmil","0","55.292","deg","20.000","°C","100.000","μmol/L","21.658","deg","20.000","°C","1013.000","hPa","0.825","-0.013","0.000365","-0.00015","0","10","Humid","29.05","0","27.30","277019.76","SABD0002000026","AAV2.0.0.13","4.0.0.2353","PSt7-10","221103-017","5/25/2023 1:31:44 PM","0000-00","0","no battery","V","353819","µV","","µV"
"06/13/2023","14:07:52","8","default","139783136","OXY_CH8","24.749","min","79.171","μmol/L","Humid","21.820","deg","142110","µV","29.787","°C","1016.000","hPa","0.0","pmil","0","55.292","deg","20.000","°C","100.000","μmol/L","21.658","deg","20.000","°C","1013.000","hPa","0.825","-0.013","0.000365","-0.00015","0","10","Humid","29.05","0","27.30","277019.10","SABD0002000026","AAV2.0.0.13","4.0.0.2353","PSt7-10","221103-017","5/25/2023 1:31:44 PM","0000-00","0","no battery","V","353819","µV","","µV"
"06/13/2023","14:07:55","8","default","139783136","OXY_CH8","24.799","min","79.144","μmol/L","Humid","21.824","deg","142108","µV","29.787","°C","1016.000","hPa","0.0","pmil","0","55.292","deg","20.000","°C","100.000","μmol/L","21.658","deg","20.000","°C","1013.000","hPa","0.825","-0.013","0.000365","-0.00015","0","10","Humid","29.05","0","27.30","277021.48","SABD0002000026","AAV2.0.0.13","4.0.0.2353","PSt7-10","221103-017","5/25/2023 1:31:44 PM","0000-00","0","no battery","V","353819","µV","","µV"
"06/13/2023","14:07:58","8","default","139783136","OXY_CH8","24.849","min","79.167","μmol/L","Humid","21.821","deg","142097","µV","29.787","°C","1017.000","hPa","0.0","pmil","0","55.292","deg","20.000","°C","100.000","μmol/L","21.658","deg","20.000","°C","1013.000","hPa","0.825","-0.013","0.000365","-0.00015","0","10","Humid","29.05","0","27.30","277014.92","SABD0002000026","AAV2.0.0.13","4.0.0.2353","PSt7-10","221103-017","5/25/2023 1:31:44 PM","0000-00","0","no battery","V","353819","µV","","µV"
"06/13/2023","14:08:01","8","default","139783136","OXY_CH8","24.899","min","79.164","μmol/L","Humid","21.821","deg","142095","µV","29.787","°C","1016.000","hPa","0.0","pmil","0","55.292","deg","20.000","°C","100.000","μmol/L","21.658","deg","20.000","°C","1013.000","hPa","0.825","-0.013","0.000365","-0.00015","0","10","Humid","29.05","0","27.30","277015.61","SABD0002000026","AAV2.0.0.13","4.0.0.2353","PSt7-10","221103-017","5/25/2023 1:31:44 PM","0000-00","0","no battery","V","353819","µV","","µV"
"06/13/2023","14:08:04","8","default","139783136","OXY_CH8","24.949","min","79.195","μmol/L","Humid","21.818","deg","142090","µV","29.781","°C","1016.000","hPa","0.0","pmil","0","55.292","deg","20.000","°C","100.000","μmol/L","21.658","deg","20.000","°C","1013.000","hPa","0.825","-0.013","0.000365","-0.00015","0","10","Humid","29.05","0","27.30","277010.23","SABD0002000026","AAV2.0.0.13","4.0.0.2353","PSt7-10","221103-017","5/25/2023 1:31:44 PM","0000-00","0","no battery","V","353819","µV","","µV"
"06/13/2023","14:08:07","8","default","139783136","OXY_CH8","24.999","min","79.219","μmol/L","Humid","21.816","deg","142088","µV","29.775","°C","1016.000","hPa","0.0","pmil","0","55.292","deg","20.000","°C","100.000","μmol/L","21.658","deg","20.000","°C","1013.000","hPa","0.825","-0.013","0.000365","-0.00015","0","10","Humid","29.05","0","27.30","277006.19","SABD0002000026","AAV2.0.0.13","4.0.0.2353","PSt7-10","221103-017","5/25/2023 1:31:44 PM","0000-00","0","no battery","V","353819","µV","","µV"
"06/13/2023","14:08:10","8","default","139783136","OXY_CH8","25.049","min","79.198","μmol/L","Humid","21.819","deg","142085","µV","29.775","°C","1016.000","hPa","0.0","pmil","0","55.292","deg","20.000","°C","100.000","μmol/L","21.658","deg","20.000","°C","1013.000","hPa","0.825","-0.013","0.000365","-0.00015","0","10","Humid","29.05","0","27.30","277007.10","SABD0002000026","AAV2.0.0.13","4.0.0.2353","PSt7-10","221103-017","5/25/2023 1:31:44 PM","0000-00","0","no battery","V","353819","µV","","µV"
"06/13/2023","14:08:13","8","default","139783136","OXY_CH8","25.099","min","79.174","μmol/L","Humid","21.821","deg","142084","µV","29.781","°C","1016.000","hPa","0.0","pmil","0","55.292","deg","20.000","°C","100.000","μmol/L","21.658","deg","20.000","°C","1013.000","hPa","0.825","-0.013","0.000365","-0.00015","0","10","Humid","29.05","0","27.30","277015.71","SABD0002000026","AAV2.0.0.13","4.0.0.2353","PSt7-10","221103-017","5/25/2023 1:31:44 PM","0000-00","0","no battery","V","353819","µV","","µV"
"06/13/2023","14:08:16","8","default","139783136","OXY_CH8","25.149","min","79.174","μmol/L","Humid","21.820","deg","142071","µV","29.787","°C","1017.000","hPa","0.0","pmil","0","55.292","deg","20.000","°C","100.000","μmol/L","21.658","deg","20.000","°C","1013.000","hPa","0.825","-0.013","0.000365","-0.00015","0","10","Humid","29.05","0","27.30","277016.15","SABD0002000026","AAV2.0.0.13","4.0.0.2353","PSt7-10","221103-017","5/25/2023 1:31:44 PM","0000-00","0","no battery","V","353819","µV","","µV"
"06/13/2023","14:08:19","8","default","139783136","OXY_CH8","25.199","min","79.209","μmol/L","Humid","21.816","deg","142071","µV","29.781","°C","1016.000","hPa","0.0","pmil","0","55.292","deg","20.000","°C","100.000","μmol/L","21.658","deg","20.000","°C","1013.000","hPa","0.825","-0.013","0.000365","-0.00015","0","10","Humid","29.05","0","27.30","277010.81","SABD0002000026","AAV2.0.0.13","4.0.0.2353","PSt7-10","221103-017","5/25/2023 1:31:44 PM","0000-00","0","no battery","V","353819","µV","","µV"
"06/13/2023","14:08:22","8","default","139783136","OXY_CH8","25.249","min","79.212","μmol/L","Humid","21.817","deg","142059","µV","29.775","°C","1016.000","hPa","0.0","pmil","0","55.292","deg","20.000","°C","100.000","μmol/L","21.658","deg","20.000","°C","1013.000","hPa","0.825","-0.013","0.000365","-0.00015","0","10","Humid","29.05","0","27.30","277009.54","SABD0002000026","AAV2.0.0.13","4.0.0.2353","PSt7-10","221103-017","5/25/2023 1:31:44 PM","0000-00","0","no battery","V","353819","µV","","µV"
"06/13/2023","14:08:25","8","default","139783136","OXY_CH8","25.299","min","79.202","μmol/L","Humid","21.817","deg","142061","µV","29.781","°C","1016.000","hPa","0.0","pmil","0","55.292","deg","20.000","°C","100.000","μmol/L","21.658","deg","20.000","°C","1013.000","hPa","0.825","-0.013","0.000365","-0.00015","0","10","Humid","29.05","0","27.30","277005.60","SABD0002000026","AAV2.0.0.13","4.0.0.2353","PSt7-10","221103-017","5/25/2023 1:31:44 PM","0000-00","0","no battery","V","353819","µV","","µV"
"06/13/2023","14:08:28","8","default","139783136","OXY_CH8","25.349","min","79.212","μmol/L","Humid","21.817","deg","142046","µV","29.775","°C","1016.000","hPa","0.0","pmil","0","55.292","deg","20.000","°C","100.000","μmol/L","21.658","deg","20.000","°C","1013.000","hPa","0.825","-0.013","0.000365","-0.00015","0","10","Humid","29.05","0","27.30","276992.86","SABD0002000026","AAV2.0.0.13","4.0.0.2353","PSt7-10","221103-017","5/25/2023 1:31:44 PM","0000-00","0","no battery","V","353819","µV","","µV"
"06/13/2023","14:08:31","8","default","139783136","OXY_CH8","25.399","min","79.219","μmol/L","Humid","21.816","deg","142050","µV","29.775","°C","1016.000","hPa","0.0","pmil","0","55.292","deg","20.000","°C","100.000","μmol/L","21.658","deg","20.000","°C","1013.000","hPa","0.825","-0.013","0.000365","-0.00015","0","10","Humid","29.05","0","27.30","276989.55","SABD0002000026","AAV2.0.0.13","4.0.0.2353","PSt7-10","221103-017","5/25/2023 1:31:44 PM","0000-00","0","no battery","V","353819","µV","","µV"
"06/13/2023","14:08:34","8","default","139783136","OXY_CH8","25.449","min","79.205","μmol/L","Humid","21.818","deg","142043","µV","29.775","°C","1016.000","hPa","0.0","pmil","0","55.292","deg","20.000","°C","100.000","μmol/L","21.658","deg","20.000","°C","1013.000","hPa","0.825","-0.013","0.000365","-0.00015","0","10","Humid","29.05","0","27.30","276996.28","SABD0002000026","AAV2.0.0.13","4.0.0.2353","PSt7-10","221103-017","5/25/2023 1:31:44 PM","0000-00","0","no battery","V","353819","µV","","µV"
"06/13/2023","14:08:37","8","default","139783136","OXY_CH8","25.499","min","79.229","μmol/L","Humid","21.816","deg","142052","µV","29.769","°C","1016.000","hPa","0.0","pmil","0","55.292","deg","20.000","°C","100.000","μmol/L","21.658","deg","20.000","°C","1013.000","hPa","0.825","-0.013","0.000365","-0.00015","0","10","Humid","29.05","0","27.30","276998.31","SABD0002000026","AAV2.0.0.13","4.0.0.2353","PSt7-10","221103-017","5/25/2023 1:31:44 PM","0000-00","0","no battery","V","353819","µV","","µV"
"06/13/2023","14:08:40","8","default","139783136","OXY_CH8","25.549","min","79.215","μmol/L","Humid","21.818","deg","142047","µV","29.769","°C","1016.000","hPa","0.0","pmil","0","55.292","deg","20.000","°C","100.000","μmol/L","21.658","deg","20.000","°C","1013.000","hPa","0.825","-0.013","0.000365","-0.00015","0","10","Humid","29.05","0","27.30","276996.64","SABD0002000026","AAV2.0.0.13","4.0.0.2353","PSt7-10","221103-017","5/25/2023 1:31:44 PM","0000-00","0","no battery","V","353819","µV","","µV"
"06/13/2023","14:08:43","8","default","139783136","OXY_CH8","25.599","min","79.205","μmol/L","Humid","21.818","deg","142047","µV","29.775","°C","1016.000","hPa","0.0","pmil","0","55.292","deg","20.000","°C","100.000","μmol/L","21.658","deg","20.000","°C","1013.000","hPa","0.825","-0.013","0.000365","-0.00015","0","10","Humid","29.05","0","27.30","276996.57","SABD0002000026","AAV2.0.0.13","4.0.0.2353","PSt7-10","221103-017","5/25/2023 1:31:44 PM","0000-00","0","no battery","V","353819","µV","","µV"
"06/13/2023","14:08:46","8","default","139783136","OXY_CH8","25.649","min","79.236","μmol/L","Humid","21.815","deg","142037","µV","29.769","°C","1016.000","hPa","0.0","pmil","0","55.292","deg","20.000","°C","100.000","μmol/L","21.658","deg","20.000","°C","1013.000","hPa","0.825","-0.013","0.000365","-0.00015","0","10","Humid","29.05","0","27.30","276987.96","SABD0002000026","AAV2.0.0.13","4.0.0.2353","PSt7-10","221103-017","5/25/2023 1:31:44 PM","0000-00","0","no battery","V","353819","µV","","µV"
"06/13/2023","14:08:49","8","default","139783136","OXY_CH8","25.699","min","79.222","μmol/L","Humid","21.817","deg","142041","µV","29.769","°C","1016.000","hPa","0.0","pmil","0","55.292","deg","20.000","°C","100.000","μmol/L","21.658","deg","20.000","°C","1013.000","hPa","0.825","-0.013","0.000365","-0.00015","0","10","Humid","29.05","0","27.30","276987.87","SABD0002000026","AAV2.0.0.13","4.0.0.2353","PSt7-10","221103-017","5/25/2023 1:31:44 PM","0000-00","0","no battery","V","353819","µV","","µV"
"06/13/2023","14:08:52","8","default","139783136","OXY_CH8","25.749","min","79.215","μmol/L","Humid","21.818","deg","142033","µV","29.769","°C","1016.000","hPa","0.0","pmil","0","55.292","deg","20.000","°C","100.000","μmol/L","21.658","deg","20.000","°C","1013.000","hPa","0.825","-0.013","0.000365","-0.00015","0","10","Humid","29.05","0","27.30","276980.01","SABD0002000026","AAV2.0.0.13","4.0.0.2353","PSt7-10","221103-017","5/25/2023 1:31:44 PM","0000-00","0","no battery","V","353819","µV","","µV"
"06/13/2023","14:08:55","8","default","139783136","OXY_CH8","25.799","min","79.198","μmol/L","Humid","21.822","deg","142041","µV","29.763","°C","1016.000","hPa","0.0","pmil","0","55.292","deg","20.000","°C","100.000","μmol/L","21.658","deg","20.000","°C","1013.000","hPa","0.825","-0.013","0.000365","-0.00015","0","10","Humid","29.05","0","27.30","276988.71","SABD0002000026","AAV2.0.0.13","4.0.0.2353","PSt7-10","221103-017","5/25/2023 1:31:44 PM","0000-00","0","no battery","V","353819","µV","","µV"
"06/13/2023","14:08:58","8","default","139783136","OXY_CH8","25.849","min","79.202","μmol/L","Humid","21.820","deg","142042","µV","29.769","°C","1016.000","hPa","0.0","pmil","0","55.292","deg","20.000","°C","100.000","μmol/L","21.658","deg","20.000","°C","1013.000","hPa","0.825","-0.013","0.000365","-0.00015","0","10","Humid","29.05","0","27.30","276969.45","SABD0002000026","AAV2.0.0.13","4.0.0.2353","PSt7-10","221103-017","5/25/2023 1:31:44 PM","0000-00","0","no battery","V","353819","µV","","µV"
"06/13/2023","14:09:01","8","default","139783136","OXY_CH8","25.899","min","79.205","μmol/L","Humid","21.821","deg","142041","µV","29.763","°C","1016.000","hPa","0.0","pmil","0","55.292","deg","20.000","°C","100.000","μmol/L","21.658","deg","20.000","°C","1013.000","hPa","0.825","-0.013","0.000365","-0.00015","0","10","Humid","29.05","0","27.30","276975.81","SABD0002000026","AAV2.0.0.13","4.0.0.2353","PSt7-10","221103-017","5/25/2023 1:31:44 PM","0000-00","0","no battery","V","353819","µV","","µV"
"06/13/2023","14:09:04","8","default","139783136","OXY_CH8","25.949","min","79.198","μmol/L","Humid","21.822","deg","142048","µV","29.763","°C","1016.000","hPa","0.0","pmil","0","55.292","deg","20.000","°C","100.000","μmol/L","21.658","deg","20.000","°C","1013.000","hPa","0.825","-0.013","0.000365","-0.00015","0","10","Humid","29.05","0","27.30","276985.09","SABD0002000026","AAV2.0.0.13","4.0.0.2353","PSt7-10","221103-017","5/25/2023 1:31:44 PM","0000-00","0","no battery","V","353819","µV","","µV"
"06/13/2023","14:09:07","8","default","139783136","OXY_CH8","25.999","min","79.195","μmol/L","Humid","21.821","deg","142047","µV","29.769","°C","1016.000","hPa","0.0","pmil","0","55.292","deg","20.000","°C","100.000","μmol/L","21.658","deg","20.000","°C","1013.000","hPa","0.825","-0.013","0.000365","-0.00015","0","10","Humid","29.05","0","27.30","276978.66","SABD0002000026","AAV2.0.0.13","4.0.0.2353","PSt7-10","221103-017","5/25/2023 1:31:44 PM","0000-00","0","no battery","V","353819","µV","","µV"
"06/13/2023","14:09:10","8","default","139783136","OXY_CH8","26.049","min","79.198","μmol/L","Humid","21.822","deg","142052","µV","29.763","°C","1016.000","hPa","0.0","pmil","0","55.292","deg","20.000","°C","100.000","μmol/L","21.658","deg","20.000","°C","1013.000","hPa","0.825","-0.013","0.000365","-0.00015","0","10","Humid","29.05","0","27.30","276968.81","SABD0002000026","AAV2.0.0.13","4.0.0.2353","PSt7-10","221103-017","5/25/2023 1:31:44 PM","0000-00","0","no battery","V","353819","µV","","µV"
"06/13/2023","14:09:13","8","default","139783136","OXY_CH8","26.099","min","79.202","μmol/L","Humid","21.823","deg","142052","µV","29.756","°C","1016.000","hPa","0.0","pmil","0","55.292","deg","20.000","°C","100.000","μmol/L","21.658","deg","20.000","°C","1013.000","hPa","0.825","-0.013","0.000365","-0.00015","0","10","Humid","29.05","0","27.30","276974.09","SABD0002000026","AAV2.0.0.13","4.0.0.2353","PSt7-10","221103-017","5/25/2023 1:31:44 PM","0000-00","0","no battery","V","353819","µV","","µV"
"06/13/2023","14:09:16","8","default","139783136","OXY_CH8","26.148","min","79.192","μmol/L","Humid","21.825","deg","142056","µV","29.756","°C","1017.000","hPa","0.0","pmil","0","55.292","deg","20.000","°C","100.000","μmol/L","21.658","deg","20.000","°C","1013.000","hPa","0.825","-0.013","0.000365","-0.00015","0","10","Humid","29.05","0","27.30","276975.28","SABD0002000026","AAV2.0.0.13","4.0.0.2353","PSt7-10","221103-017","5/25/2023 1:31:44 PM","0000-00","0","no battery","V","353819","µV","","µV"
"06/13/2023","14:09:19","8","default","139783136","OXY_CH8","26.199","min","79.195","μmol/L","Humid","21.823","deg","142066","µV","29.763","°C","1017.000","hPa","0.0","pmil","0","55.292","deg","20.000","°C","100.000","μmol/L","21.658","deg","20.000","°C","1013.000","hPa","0.825","-0.013","0.000365","-0.00015","0","10","Humid","29.05","0","27.30","276961.41","SABD0002000026","AAV2.0.0.13","4.0.0.2353","PSt7-10","221103-017","5/25/2023 1:31:44 PM","0000-00","0","no battery","V","353819","µV","","µV"
"06/13/2023","14:09:22","8","default","139783136","OXY_CH8","26.249","min","79.174","μmol/L","Humid","21.826","deg","142067","µV","29.763","°C","1017.000","hPa","0.0","pmil","0","55.292","deg","20.000","°C","100.000","μmol/L","21.658","deg","20.000","°C","1013.000","hPa","0.825","-0.013","0.000365","-0.00015","0","10","Humid","29.05","0","27.30","276975.13","SABD0002000026","AAV2.0.0.13","4.0.0.2353","PSt7-10","221103-017","5/25/2023 1:31:44 PM","0000-00","0","no battery","V","353819","µV","","µV"
"06/13/2023","14:09:25","8","default","139783136","OXY_CH8","26.299","min","79.144","μmol/L","Humid","21.832","deg","142076","µV","29.756","°C","1017.000","hPa","0.0","pmil","0","55.292","deg","20.000","°C","100.000","μmol/L","21.658","deg","20.000","°C","1013.000","hPa","0.825","-0.013","0.000365","-0.00015","0","10","Humid","29.05","0","27.30","276979.04","SABD0002000026","AAV2.0.0.13","4.0.0.2353","PSt7-10","221103-017","5/25/2023 1:31:44 PM","0000-00","0","no battery","V","353819","µV","","µV"
"06/13/2023","14:09:28","8","default","139783136","OXY_CH8","26.349","min","79.175","μmol/L","Humid","21.829","deg","142077","µV","29.750","°C","1017.000","hPa","0.0","pmil","0","55.292","deg","20.000","°C","100.000","μmol/L","21.658","deg","20.000","°C","1013.000","hPa","0.825","-0.013","0.000365","-0.00015","0","10","Humid","29.05","0","27.30","276970.07","SABD0002000026","AAV2.0.0.13","4.0.0.2353","PSt7-10","221103-017","5/25/2023 1:31:44 PM","0000-00","0","no battery","V","353819","µV","","µV"
"06/13/2023","14:09:31","8","default","139783136","OXY_CH8","26.399","min","79.161","μmol/L","Humid","21.831","deg","142085","µV","29.750","°C","1017.000","hPa","0.0","pmil","0","55.292","deg","20.000","°C","100.000","μmol/L","21.658","deg","20.000","°C","1013.000","hPa","0.825","-0.013","0.000365","-0.00015","0","10","Humid","29.05","0","27.30","276945.20","SABD0002000026","AAV2.0.0.13","4.0.0.2353","PSt7-10","221103-017","5/25/2023 1:31:44 PM","0000-00","0","no battery","V","353819","µV","","µV"
"06/13/2023","14:09:34","8","default","139783136","OXY_CH8","26.449","min","79.164","μmol/L","Humid","21.832","deg","142094","µV","29.744","°C","1017.000","hPa","0.0","pmil","0","55.292","deg","20.000","°C","100.000","μmol/L","21.658","deg","20.000","°C","1013.000","hPa","0.825","-0.013","0.000365","-0.00015","0","10","Humid","29.05","0","27.30","276974.78","SABD0002000026","AAV2.0.0.13","4.0.0.2353","PSt7-10","221103-017","5/25/2023 1:31:44 PM","0000-00","0","no battery","V","353819","µV","","µV"
"06/13/2023","14:09:37","8","default","139783136","OXY_CH8","26.499","min","79.137","μmol/L","Humid","21.836","deg","142098","µV","29.744","°C","1017.000","hPa","0.0","pmil","0","55.292","deg","20.000","°C","100.000","μmol/L","21.658","deg","20.000","°C","1013.000","hPa","0.825","-0.013","0.000365","-0.00015","0","10","Humid","29.05","0","27.30","276955.10","SABD0002000026","AAV2.0.0.13","4.0.0.2353","PSt7-10","221103-017","5/25/2023 1:31:44 PM","0000-00","0","no battery","V","353819","µV","","µV"
"06/13/2023","14:09:40","8","default","139783136","OXY_CH8","26.549","min","79.133","μmol/L","Humid","21.835","deg","142100","µV","29.750","°C","1017.000","hPa","0.0","pmil","0","55.292","deg","20.000","°C","100.000","μmol/L","21.658","deg","20.000","°C","1013.000","hPa","0.825","-0.013","0.000365","-0.00015","0","10","Humid","29.05","0","27.30","276962.43","SABD0002000026","AAV2.0.0.13","4.0.0.2353","PSt7-10","221103-017","5/25/2023 1:31:44 PM","0000-00","0","no battery","V","353819","µV","","µV"
"06/13/2023","14:09:43","8","default","139783136","OXY_CH8","26.599","min","79.161","μmol/L","Humid","21.834","deg","142105","µV","29.738","°C","1017.000","hPa","0.0","pmil","0","55.292","deg","20.000","°C","100.000","μmol/L","21.658","deg","20.000","°C","1013.000","hPa","0.825","-0.013","0.000365","-0.00015","0","10","Humid","29.05","0","27.30","276957.68","SABD0002000026","AAV2.0.0.13","4.0.0.2353","PSt7-10","221103-017","5/25/2023 1:31:44 PM","0000-00","0","no battery","V","353819","µV","","µV"
"06/13/2023","14:09:46","8","default","139783136","OXY_CH8","26.648","min","79.120","μmol/L","Humid","21.838","deg","142115","µV","29.744","°C","1016.000","hPa","0.0","pmil","0","55.292","deg","20.000","°C","100.000","μmol/L","21.658","deg","20.000","°C","1013.000","hPa","0.825","-0.013","0.000365","-0.00015","0","10","Humid","29.05","0","27.30","276961.17","SABD0002000026","AAV2.0.0.13","4.0.0.2353","PSt7-10","221103-017","5/25/2023 1:31:44 PM","0000-00","0","no battery","V","353819","µV","","µV"
"06/13/2023","14:09:49","8","default","139783136","OXY_CH8","26.699","min","79.103","μmol/L","Humid","21.841","deg","142115","µV","29.744","°C","1017.000","hPa","0.0","pmil","0","55.292","deg","20.000","°C","100.000","μmol/L","21.658","deg","20.000","°C","1013.000","hPa","0.825","-0.013","0.000365","-0.00015","0","10","Humid","29.05","0","27.30","276960.74","SABD0002000026","AAV2.0.0.13","4.0.0.2353","PSt7-10","221103-017","5/25/2023 1:31:44 PM","0000-00","0","no battery","V","353819","µV","","µV"
"06/13/2023","14:09:52","8","default","139783136","OXY_CH8","26.749","min","79.120","μmol/L","Humid","21.837","deg","142129","µV","29.750","°C","1017.000","hPa","0.0","pmil","0","55.292","deg","20.000","°C","100.000","μmol/L","21.658","deg","20.000","°C","1013.000","hPa","0.825","-0.013","0.000365","-0.00015","0","10","Humid","29.05","0","27.30","276946.15","SABD0002000026","AAV2.0.0.13","4.0.0.2353","PSt7-10","221103-017","5/25/2023 1:31:44 PM","0000-00","0","no battery","V","353819","µV","","µV"
"06/13/2023","14:09:55","8","default","139783136","OXY_CH8","26.799","min","79.086","μmol/L","Humid","21.842","deg","142147","µV","29.750","°C","1017.000","hPa","0.0","pmil","0","55.292","deg","20.000","°C","100.000","μmol/L","21.658","deg","20.000","°C","1013.000","hPa","0.825","-0.013","0.000365","-0.00015","0","10","Humid","29.05","0","27.30","276956.66","SABD0002000026","AAV2.0.0.13","4.0.0.2353","PSt7-10","221103-017","5/25/2023 1:31:44 PM","0000-00","0","no battery","V","353819","µV","","µV"
"06/13/2023","14:09:58","8","default","139783136","OXY_CH8","26.849","min","79.117","μmol/L","Humid","21.842","deg","142149","µV","29.732","°C","1017.000","hPa","0.0","pmil","0","55.292","deg","20.000","°C","100.000","μmol/L","21.658","deg","20.000","°C","1013.000","hPa","0.825","-0.013","0.000365","-0.00015","0","10","Humid","29.05","0","27.30","276963.35","SABD0002000026","AAV2.0.0.13","4.0.0.2353","PSt7-10","221103-017","5/25/2023 1:31:44 PM","0000-00","0","no battery","V","353819","µV","","µV"
"06/13/2023","14:10:01","8","default","139783136","OXY_CH8","26.899","min","79.099","μmol/L","Humid","21.843","deg","142156","µV","29.738","°C","1017.000","hPa","0.0","pmil","0","55.292","deg","20.000","°C","100.000","μmol/L","21.658","deg","20.000","°C","1013.000","hPa","0.825","-0.013","0.000365","-0.00015","0","10","Humid","29.05","0","27.30","276961.06","SABD0002000026","AAV2.0.0.13","4.0.0.2353","PSt7-10","221103-017","5/25/2023 1:31:44 PM","0000-00","0","no battery","V","353819","µV","","µV"
"06/13/2023","14:10:04","8","default","139783136","OXY_CH8","26.949","min","79.055","μmol/L","Humid","21.849","deg","142170","µV","29.738","°C","1016.000","hPa","0.0","pmil","0","55.292","deg","20.000","°C","100.000","μmol/L","21.658","deg","20.000","°C","1013.000","hPa","0.825","-0.013","0.000365","-0.00015","0","10","Humid","29.05","0","27.30","276938.49","SABD0002000026","AAV2.0.0.13","4.0.0.2353","PSt7-10","221103-017","5/25/2023 1:31:44 PM","0000-00","0","no battery","V","353819","µV","","µV"
"06/13/2023","14:10:07","8","default","139783136","OXY_CH8","26.999","min","79.055","μmol/L","Humid","21.848","deg","142176","µV","29.744","°C","1017.000","hPa","0.0","pmil","0","55.292","deg","20.000","°C","100.000","μmol/L","21.658","deg","20.000","°C","1013.000","hPa","0.825","-0.013","0.000365","-0.00015","0","10","Humid","29.05","0","27.30","276950.58","SABD0002000026","AAV2.0.0.13","4.0.0.2353","PSt7-10","221103-017","5/25/2023 1:31:44 PM","0000-00","0","no battery","V","353819","µV","","µV"
"06/13/2023","14:10:10","8","default","139783136","OXY_CH8","27.049","min","79.069","μmol/L","Humid","21.849","deg","142187","µV","29.732","°C","1017.000","hPa","0.0","pmil","0","55.292","deg","20.000","°C","100.000","μmol/L","21.658","deg","20.000","°C","1013.000","hPa","0.825","-0.013","0.000365","-0.00015","0","10","Humid","29.05","0","27.30","276945.21","SABD0002000026","AAV2.0.0.13","4.0.0.2353","PSt7-10","221103-017","5/25/2023 1:31:44 PM","0000-00","0","no battery","V","353819","µV","","µV"
"06/13/2023","14:10:13","8","default","139783136","OXY_CH8","27.099","min","79.018","μmol/L","Humid","21.856","deg","142195","µV","29.732","°C","1016.000","hPa","0.0","pmil","0","55.292","deg","20.000","°C","100.000","μmol/L","21.658","deg","20.000","°C","1013.000","hPa","0.825","-0.013","0.000365","-0.00015","0","10","Humid","29.05","0","27.30","276941.44","SABD0002000026","AAV2.0.0.13","4.0.0.2353","PSt7-10","221103-017","5/25/2023 1:31:44 PM","0000-00","0","no battery","V","353819","µV","","µV"
"06/13/2023","14:10:16","8","default","139783136","OXY_CH8","27.149","min","79.031","μmol/L","Humid","21.856","deg","142201","µV","29.726","°C","1017.000","hPa","0.0","pmil","0","55.292","deg","20.000","°C","100.000","μmol/L","21.658","deg","20.000","°C","1013.000","hPa","0.825","-0.013","0.000365","-0.00015","0","10","Humid","29.05","0","27.30","276931.20","SABD0002000026","AAV2.0.0.13","4.0.0.2353","PSt7-10","221103-017","5/25/2023 1:31:44 PM","0000-00","0","no battery","V","353819","µV","","µV"
"06/13/2023","14:10:19","8","default","139783136","OXY_CH8","27.199","min","78.997","μmol/L","Humid","21.858","deg","142211","µV","29.738","°C","1017.000","hPa","0.0","pmil","0","55.292","deg","20.000","°C","100.000","μmol/L","21.658","deg","20.000","°C","1013.000","hPa","0.825","-0.013","0.000365","-0.00015","0","10","Humid","29.05","0","27.30","276935.50","SABD0002000026","AAV2.0.0.13","4.0.0.2353","PSt7-10","221103-017","5/25/2023 1:31:44 PM","0000-00","0","no battery","V","353819","µV","","µV"
"06/13/2023","14:10:22","8","default","139783136","OXY_CH8","27.249","min","78.990","μmol/L","Humid","21.859","deg","142226","µV","29.738","°C","1017.000","hPa","0.0","pmil","0","55.292","deg","20.000","°C","100.000","μmol/L","21.658","deg","20.000","°C","1013.000","hPa","0.825","-0.013","0.000365","-0.00015","0","10","Humid","29.05","0","27.30","276942.34","SABD0002000026","AAV2.0.0.13","4.0.0.2353","PSt7-10","221103-017","5/25/2023 1:31:44 PM","0000-00","0","no battery","V","353819","µV","","µV"
"06/13/2023","14:10:25","8","default","139783136","OXY_CH8","27.299","min","78.997","μmol/L","Humid","21.861","deg","142231","µV","29.726","°C","1017.000","hPa","0.0","pmil","0","55.292","deg","20.000","°C","100.000","μmol/L","21.658","deg","20.000","°C","1013.000","hPa","0.825","-0.013","0.000365","-0.00015","0","10","Humid","29.05","0","27.30","276927.08","SABD0002000026","AAV2.0.0.13","4.0.0.2353","PSt7-10","221103-017","5/25/2023 1:31:44 PM","0000-00","0","no battery","V","353819","µV","","µV"
"06/13/2023","14:10:28","8","default","139783136","OXY_CH8","27.349","min","79.004","μmol/L","Humid","21.860","deg","142239","µV","29.726","°C","1017.000","hPa","0.0","pmil","0","55.292","deg","20.000","°C","100.000","μmol/L","21.658","deg","20.000","°C","1013.000","hPa","0.825","-0.013","0.000365","-0.00015","0","10","Humid","29.05","0","27.30","276927.27","SABD0002000026","AAV2.0.0.13","4.0.0.2353","PSt7-10","221103-017","5/25/2023 1:31:44 PM","0000-00","0","no battery","V","353819","µV","","µV"
"06/13/2023","14:10:31","8","default","139783136","OXY_CH8","27.399","min","78.973","μmol/L","Humid","21.863","deg","142256","µV","29.732","°C","1017.000","hPa","0.0","pmil","0","55.292","deg","20.000","°C","100.000","μmol/L","21.658","deg","20.000","°C","1013.000","hPa","0.825","-0.013","0.000365","-0.00015","0","10","Humid","29.05","0","27.30","276944.18","SABD0002000026","AAV2.0.0.13","4.0.0.2353","PSt7-10","221103-017","5/25/2023 1:31:44 PM","0000-00","0","no battery","V","353819","µV","","µV"
"06/13/2023","14:10:34","8","default","139783136","OXY_CH8","27.450","min","78.977","μmol/L","Humid","21.864","deg","142271","µV","29.726","°C","1017.000","hPa","0.0","pmil","0","55.292","deg","20.000","°C","100.000","μmol/L","21.658","deg","20.000","°C","1013.000","hPa","0.825","-0.013","0.000365","-0.00015","0","10","Humid","29.05","0","27.30","276944.03","SABD0002000026","AAV2.0.0.13","4.0.0.2353","PSt7-10","221103-017","5/25/2023 1:31:44 PM","0000-00","0","no battery","V","353819","µV","","µV"
"06/13/2023","14:10:37","8","default","139783136","OXY_CH8","27.499","min","78.984","μmol/L","Humid","21.863","deg","142280","µV","29.726","°C","1017.000","hPa","0.0","pmil","0","55.292","deg","20.000","°C","100.000","μmol/L","21.658","deg","20.000","°C","1013.000","hPa","0.825","-0.013","0.000365","-0.00015","0","10","Humid","29.05","0","27.30","276925.88","SABD0002000026","AAV2.0.0.13","4.0.0.2353","PSt7-10","221103-017","5/25/2023 1:31:44 PM","0000-00","0","no battery","V","353819","µV","","µV"
"06/13/2023","14:10:40","8","default","139783136","OXY_CH8","27.549","min","78.963","μmol/L","Humid","21.866","deg","142282","µV","29.726","°C","1017.000","hPa","0.0","pmil","0","55.292","deg","20.000","°C","100.000","μmol/L","21.658","deg","20.000","°C","1013.000","hPa","0.825","-0.013","0.000365","-0.00015","0","10","Humid","29.05","0","27.30","276931.87","SABD0002000026","AAV2.0.0.13","4.0.0.2353","PSt7-10","221103-017","5/25/2023 1:31:44 PM","0000-00","0","no battery","V","353819","µV","","µV"
"06/13/2023","14:10:43","8","default","139783136","OXY_CH8","27.599","min","78.915","μmol/L","Humid","21.873","deg","142301","µV","29.726","°C","1017.000","hPa","0.0","pmil","0","55.292","deg","20.000","°C","100.000","μmol/L","21.658","deg","20.000","°C","1013.000","hPa","0.825","-0.013","0.000365","-0.00015","0","10","Humid","29.05","0","27.30","276938.41","SABD0002000026","AAV2.0.0.13","4.0.0.2353","PSt7-10","221103-017","5/25/2023 1:31:44 PM","0000-00","0","no battery","V","353819","µV","","µV"
"06/13/2023","14:10:46","8","default","139783136","OXY_CH8","27.649","min","78.905","μmol/L","Humid","21.873","deg","142308","µV","29.732","°C","1017.000","hPa","0.0","pmil","0","55.292","deg","20.000","°C","100.000","μmol/L","21.658","deg","20.000","°C","1013.000","hPa","0.825","-0.013","0.000365","-0.00015","0","10","Humid","29.05","0","27.30","276918.24","SABD0002000026","AAV2.0.0.13","4.0.0.2353","PSt7-10","221103-017","5/25/2023 1:31:44 PM","0000-00","0","no battery","V","353819","µV","","µV"
"06/13/2023","14:10:49","8","default","139783136","OXY_CH8","27.699","min","78.919","μmol/L","Humid","21.875","deg","142328","µV","29.713","°C","1016.000","hPa","0.0","pmil","0","55.292","deg","20.000","°C","100.000","μmol/L","21.658","deg","20.000","°C","1013.000","hPa","0.825","-0.013","0.000365","-0.00015","0","10","Humid","29.05","0","27.30","276920.19","SABD0002000026","AAV2.0.0.13","4.0.0.2353","PSt7-10","221103-017","5/25/2023 1:31:44 PM","0000-00","0","no battery","V","353819","µV","","µV"
"06/13/2023","14:10:52","8","default","139783136","OXY_CH8","27.749","min","78.888","μmol/L","Humid","21.880","deg","142331","µV","29.713","°C","1017.000","hPa","0.0","pmil","0","55.292","deg","20.000","°C","100.000","μmol/L","21.658","deg","20.000","°C","1013.000","hPa","0.825","-0.013","0.000365","-0.00015","0","10","Humid","29.05","0","27.30","276926.50","SABD0002000026","AAV2.0.0.13","4.0.0.2353","PSt7-10","221103-017","5/25/2023 1:31:44 PM","0000-00","0","no battery","V","353819","µV","","µV"
"06/13/2023","14:10:55","8","default","139783136","OXY_CH8","27.799","min","78.895","μmol/L","Humid","21.879","deg","142341","µV","29.713","°C","1017.000","hPa","0.0","pmil","0","55.292","deg","20.000","°C","100.000","μmol/L","21.658","deg","20.000","°C","1013.000","hPa","0.825","-0.013","0.000365","-0.00015","0","10","Humid","29.05","0","27.30","276911.89","SABD0002000026","AAV2.0.0.13","4.0.0.2353","PSt7-10","221103-017","5/25/2023 1:31:44 PM","0000-00","0","no battery","V","353819","µV","","µV"
"06/13/2023","14:10:58","8","default","139783136","OXY_CH8","27.849","min","78.864","μmol/L","Humid","21.882","deg","142357","µV","29.720","°C","1017.000","hPa","0.0","pmil","0","55.292","deg","20.000","°C","100.000","μmol/L","21.658","deg","20.000","°C","1013.000","hPa","0.825","-0.013","0.000365","-0.00015","0","10","Humid","29.05","0","27.30","276925.96","SABD0002000026","AAV2.0.0.13","4.0.0.2353","PSt7-10","221103-017","5/25/2023 1:31:44 PM","0000-00","0","no battery","V","353819","µV","","µV"
"06/13/2023","14:11:01","8","default","139783136","OXY_CH8","27.899","min","78.847","μmol/L","Humid","21.886","deg","142368","µV","29.713","°C","1017.000","hPa","0.0","pmil","0","55.292","deg","20.000","°C","100.000","μmol/L","21.658","deg","20.000","°C","1013.000","hPa","0.825","-0.013","0.000365","-0.00015","0","10","Humid","29.05","0","27.30","276930.96","SABD0002000026","AAV2.0.0.13","4.0.0.2353","PSt7-10","221103-017","5/25/2023 1:31:44 PM","0000-00","0","no battery","V","353819","µV","","µV"
"06/13/2023","14:11:04","8","default","139783136","OXY_CH8","27.949","min","78.841","μmol/L","Humid","21.884","deg","142375","µV","29.726","°C","1017.000","hPa","0.0","pmil","0","55.292","deg","20.000","°C","100.000","μmol/L","21.658","deg","20.000","°C","1013.000","hPa","0.825","-0.013","0.000365","-0.00015","0","10","Humid","29.05","0","27.30","276918.99","SABD0002000026","AAV2.0.0.13","4.0.0.2353","PSt7-10","221103-017","5/25/2023 1:31:44 PM","0000-00","0","no battery","V","353819","µV","","µV"
"06/13/2023","14:11:07","8","default","139783136","OXY_CH8","27.999","min","78.844","μmol/L","Humid","21.886","deg","142393","µV","29.713","°C","1016.000","hPa","0.0","pmil","0","55.292","deg","20.000","°C","100.000","μmol/L","21.658","deg","20.000","°C","1013.000","hPa","0.825","-0.013","0.000365","-0.00015","0","10","Humid","29.05","0","27.30","276917.06","SABD0002000026","AAV2.0.0.13","4.0.0.2353","PSt7-10","221103-017","5/25/2023 1:31:44 PM","0000-00","0","no battery","V","353819","µV","","µV"
"06/13/2023","14:11:10","8","default","139783136","OXY_CH8","28.049","min","78.824","μmol/L","Humid","21.891","deg","142398","µV","29.707","°C","1017.000","hPa","0.0","pmil","0","55.292","deg","20.000","°C","100.000","μmol/L","21.658","deg","20.000","°C","1013.000","hPa","0.825","-0.013","0.000365","-0.00015","0","10","Humid","29.05","0","27.30","276909.71","SABD0002000026","AAV2.0.0.13","4.0.0.2353","PSt7-10","221103-017","5/25/2023 1:31:44 PM","0000-00","0","no battery","V","353819","µV","","µV"
"06/13/2023","14:11:13","8","default","139783136","OXY_CH8","28.099","min","78.827","μmol/L","Humid","21.889","deg","142415","µV","29.713","°C","1017.000","hPa","0.0","pmil","0","55.292","deg","20.000","°C","100.000","μmol/L","21.658","deg","20.000","°C","1013.000","hPa","0.825","-0.013","0.000365","-0.00015","0","10","Humid","29.05","0","27.30","276924.94","SABD0002000026","AAV2.0.0.13","4.0.0.2353","PSt7-10","221103-017","5/25/2023 1:31:44 PM","0000-00","0","no battery","V","353819","µV","","µV"
"06/13/2023","14:11:16","8","default","139783136","OXY_CH8","28.149","min","78.793","μmol/L","Humid","21.892","deg","142427","µV","29.720","°C","1016.000","hPa","0.0","pmil","0","55.292","deg","20.000","°C","100.000","μmol/L","21.658","deg","20.000","°C","1013.000","hPa","0.825","-0.013","0.000365","-0.00015","0","10","Humid","29.05","0","27.30","276911.35","SABD0002000026","AAV2.0.0.13","4.0.0.2353","PSt7-10","221103-017","5/25/2023 1:31:44 PM","0000-00","0","no battery","V","353819","µV","","µV"
"06/13/2023","14:11:19","8","default","139783136","OXY_CH8","28.199","min","78.807","μmol/L","Humid","21.893","deg","142437","µV","29.707","°C","1016.000","hPa","0.0","pmil","0","55.292","deg","20.000","°C","100.000","μmol/L","21.658","deg","20.000","°C","1013.000","hPa","0.825","-0.013","0.000365","-0.00015","0","10","Humid","29.05","0","27.30","276911.60","SABD0002000026","AAV2.0.0.13","4.0.0.2353","PSt7-10","221103-017","5/25/2023 1:31:44 PM","0000-00","0","no battery","V","353819","µV","","µV"
"06/13/2023","14:11:22","8","default","139783136","OXY_CH8","28.249","min","78.769","μmol/L","Humid","21.897","deg","142458","µV","29.713","°C","1016.000","hPa","0.0","pmil","0","55.292","deg","20.000","°C","100.000","μmol/L","21.658","deg","20.000","°C","1013.000","hPa","0.825","-0.013","0.000365","-0.00015","0","10","Humid","29.05","0","27.30","276911.66","SABD0002000026","AAV2.0.0.13","4.0.0.2353","PSt7-10","221103-017","5/25/2023 1:31:44 PM","0000-00","0","no battery","V","353819","µV","","µV"
"06/13/2023","14:11:25","8","default","139783136","OXY_CH8","28.299","min","78.766","μmol/L","Humid","21.899","deg","142464","µV","29.707","°C","1016.000","hPa","0.0","pmil","0","55.292","deg","20.000","°C","100.000","μmol/L","21.658","deg","20.000","°C","1013.000","hPa","0.825","-0.013","0.000365","-0.00015","0","10","Humid","29.05","0","27.30","276907.35","SABD0002000026","AAV2.0.0.13","4.0.0.2353","PSt7-10","221103-017","5/25/2023 1:31:44 PM","0000-00","0","no battery","V","353819","µV","","µV"
"06/13/2023","14:11:28","8","default","139783136","OXY_CH8","28.349","min","78.749","μmol/L","Humid","21.900","deg","142474","µV","29.713","°C","1016.000","hPa","0.0","pmil","0","55.292","deg","20.000","°C","100.000","μmol/L","21.658","deg","20.000","°C","1013.000","hPa","0.825","-0.013","0.000365","-0.00015","0","10","Humid","29.05","0","27.30","276911.29","SABD0002000026","AAV2.0.0.13","4.0.0.2353","PSt7-10","221103-017","5/25/2023 1:31:44 PM","0000-00","0","no battery","V","353819","µV","","µV"
"06/13/2023","14:11:31","8","default","139783136","OXY_CH8","28.399","min","78.732","μmol/L","Humid","21.904","deg","142495","µV","29.707","°C","1016.000","hPa","0.0","pmil","0","55.292","deg","20.000","°C","100.000","μmol/L","21.658","deg","20.000","°C","1013.000","hPa","0.825","-0.013","0.000365","-0.00015","0","10","Humid","29.05","0","27.30","276911.77","SABD0002000026","AAV2.0.0.13","4.0.0.2353","PSt7-10","221103-017","5/25/2023 1:31:44 PM","0000-00","0","no battery","V","353819","µV","","µV"
"06/13/2023","14:11:34","8","default","139783136","OXY_CH8","28.449","min","78.736","μmol/L","Humid","21.905","deg","142504","µV","29.701","°C","1016.000","hPa","0.0","pmil","0","55.292","deg","20.000","°C","100.000","μmol/L","21.658","deg","20.000","°C","1013.000","hPa","0.825","-0.013","0.000365","-0.00015","0","10","Humid","29.05","0","27.30","276914.54","SABD0002000026","AAV2.0.0.13","4.0.0.2353","PSt7-10","221103-017","5/25/2023 1:31:44 PM","0000-00","0","no battery","V","353819","µV","","µV"
"06/13/2023","14:11:37","8","default","139783136","OXY_CH8","28.499","min","78.708","μmol/L","Humid","21.908","deg","142511","µV","29.707","°C","1017.000","hPa","0.0","pmil","0","55.292","deg","20.000","°C","100.000","μmol/L","21.658","deg","20.000","°C","1013.000","hPa","0.825","-0.013","0.000365","-0.00015","0","10","Humid","29.05","0","27.30","276891.17","SABD0002000026","AAV2.0.0.13","4.0.0.2353","PSt7-10","221103-017","5/25/2023 1:31:44 PM","0000-00","0","no battery","V","353819","µV","","µV"
"06/13/2023","14:11:40","8","default","139783136","OXY_CH8","28.549","min","78.705","μmol/L","Humid","21.908","deg","142535","µV","29.707","°C","1016.000","hPa","0.0","pmil","0","55.292","deg","20.000","°C","100.000","μmol/L","21.658","deg","20.000","°C","1013.000","hPa","0.825","-0.013","0.000365","-0.00015","0","10","Humid","29.05","0","27.30","276899.07","SABD0002000026","AAV2.0.0.13","4.0.0.2353","PSt7-10","221103-017","5/25/2023 1:31:44 PM","0000-00","0","no battery","V","353819","µV","","µV"
"06/13/2023","14:11:43","8","default","139783136","OXY_CH8","28.599","min","78.695","μmol/L","Humid","21.911","deg","142539","µV","29.701","°C","1016.000","hPa","0.0","pmil","0","55.292","deg","20.000","°C","100.000","μmol/L","21.658","deg","20.000","°C","1013.000","hPa","0.825","-0.013","0.000365","-0.00015","0","10","Humid","29.05","0","27.30","276898.93","SABD0002000026","AAV2.0.0.13","4.0.0.2353","PSt7-10","221103-017","5/25/2023 1:31:44 PM","0000-00","0","no battery","V","353819","µV","","µV"
"06/13/2023","14:11:46","8","default","139783136","OXY_CH8","28.649","min","78.695","μmol/L","Humid","21.911","deg","142556","µV","29.701","°C","1016.000","hPa","0.0","pmil","0","55.292","deg","20.000","°C","100.000","μmol/L","21.658","deg","20.000","°C","1013.000","hPa","0.825","-0.013","0.000365","-0.00015","0","10","Humid","29.05","0","27.30","276907.42","SABD0002000026","AAV2.0.0.13","4.0.0.2353","PSt7-10","221103-017","5/25/2023 1:31:44 PM","0000-00","0","no battery","V","353819","µV","","µV"
"06/13/2023","14:11:49","8","default","139783136","OXY_CH8","28.699","min","78.685","μmol/L","Humid","21.914","deg","142568","µV","29.695","°C","1016.000","hPa","0.0","pmil","0","55.292","deg","20.000","°C","100.000","μmol/L","21.658","deg","20.000","°C","1013.000","hPa","0.825","-0.013","0.000365","-0.00015","0","10","Humid","29.05","0","27.30","276903.15","SABD0002000026","AAV2.0.0.13","4.0.0.2353","PSt7-10","221103-017","5/25/2023 1:31:44 PM","0000-00","0","no battery","V","353819","µV","","µV"
"06/13/2023","14:11:52","8","default","139783136","OXY_CH8","28.749","min","78.627","μmol/L","Humid","21.921","deg","142571","µV","29.701","°C","1016.000","hPa","0.0","pmil","0","55.292","deg","20.000","°C","100.000","μmol/L","21.658","deg","20.000","°C","1013.000","hPa","0.825","-0.013","0.000365","-0.00015","0","10","Humid","29.05","0","27.30","276897.00","SABD0002000026","AAV2.0.0.13","4.0.0.2353","PSt7-10","221103-017","5/25/2023 1:31:44 PM","0000-00","0","no battery","V","353819","µV","","µV"
"06/13/2023","14:11:55","8","default","139783136","OXY_CH8","28.799","min","78.630","μmol/L","Humid","21.922","deg","142589","µV","29.695","°C","1016.000","hPa","0.0","pmil","0","55.292","deg","20.000","°C","100.000","μmol/L","21.658","deg","20.000","°C","1013.000","hPa","0.825","-0.013","0.000365","-0.00015","0","10","Humid","29.05","0","27.30","276885.06","SABD0002000026","AAV2.0.0.13","4.0.0.2353","PSt7-10","221103-017","5/25/2023 1:31:44 PM","0000-00","0","no battery","V","353819","µV","","µV"
"06/13/2023","14:11:58","8","default","139783136","OXY_CH8","28.849","min","78.617","μmol/L","Humid","21.924","deg","142611","µV","29.695","°C","1016.000","hPa","0.0","pmil","0","55.292","deg","20.000","°C","100.000","μmol/L","21.658","deg","20.000","°C","1013.000","hPa","0.825","-0.013","0.000365","-0.00015","0","10","Humid","29.05","0","27.30","276904.53","SABD0002000026","AAV2.0.0.13","4.0.0.2353","PSt7-10","221103-017","5/25/2023 1:31:44 PM","0000-00","0","no battery","V","353819","µV","","µV"
"06/13/2023","14:12:01","8","default","139783136","OXY_CH8","28.899","min","78.586","μmol/L","Humid","21.927","deg","142619","µV","29.701","°C","1016.000","hPa","0.0","pmil","0","55.292","deg","20.000","°C","100.000","μmol/L","21.658","deg","20.000","°C","1013.000","hPa","0.825","-0.013","0.000365","-0.00015","0","10","Humid","29.05","0","27.30","276886.23","SABD0002000026","AAV2.0.0.13","4.0.0.2353","PSt7-10","221103-017","5/25/2023 1:31:44 PM","0000-00","0","no battery","V","353819","µV","","µV"
"06/13/2023","14:12:04","8","default","139783136","OXY_CH8","28.949","min","78.580","μmol/L","Humid","21.928","deg","142634","µV","29.701","°C","1016.000","hPa","0.0","pmil","0","55.292","deg","20.000","°C","100.000","μmol/L","21.658","deg","20.000","°C","1013.000","hPa","0.825","-0.013","0.000365","-0.00015","0","10","Humid","29.05","0","27.30","276891.26","SABD0002000026","AAV2.0.0.13","4.0.0.2353","PSt7-10","221103-017","5/25/2023 1:31:44 PM","0000-00","0","no battery","V","353819","µV","","µV"
"06/13/2023","14:12:07","8","default","139783136","OXY_CH8","28.999","min","78.576","μmol/L","Humid","21.930","deg","142654","µV","29.695","°C","1016.000","hPa","0.0","pmil","0","55.292","deg","20.000","°C","100.000","μmol/L","21.658","deg","20.000","°C","1013.000","hPa","0.825","-0.013","0.000365","-0.00015","0","10","Humid","29.05","0","27.30","276898.11","SABD0002000026","AAV2.0.0.13","4.0.0.2353","PSt7-10","221103-017","5/25/2023 1:31:44 PM","0000-00","0","no battery","V","353819","µV","","µV"
"06/13/2023","14:12:10","8","default","139783136","OXY_CH8","29.049","min","78.600","μmol/L","Humid","21.928","deg","142658","µV","29.689","°C","1016.000","hPa","0.0","pmil","0","55.292","deg","20.000","°C","100.000","μmol/L","21.658","deg","20.000","°C","1013.000","hPa","0.825","-0.013","0.000365","-0.00015","0","10","Humid","29.05","0","27.30","276883.66","SABD0002000026","AAV2.0.0.13","4.0.0.2353","PSt7-10","221103-017","5/25/2023 1:31:44 PM","0000-00","0","no battery","V","353819","µV","","µV"
"06/13/2023","14:12:13","8","default","139783136","OXY_CH8","29.099","min","78.546","μmol/L","Humid","21.933","deg","142667","µV","29.701","°C","1016.000","hPa","0.0","pmil","0","55.292","deg","20.000","°C","100.000","μmol/L","21.658","deg","20.000","°C","1013.000","hPa","0.825","-0.013","0.000365","-0.00015","0","10","Humid","29.05","0","27.30","276883.57","SABD0002000026","AAV2.0.0.13","4.0.0.2353","PSt7-10","221103-017","5/25/2023 1:31:44 PM","0000-00","0","no battery","V","353819","µV","","µV"
"06/13/2023","14:12:16","8","default","139783136","OXY_CH8","29.149","min","78.532","μmol/L","Humid","21.937","deg","142683","µV","29.695","°C","1017.000","hPa","0.0","pmil","0","55.292","deg","20.000","°C","100.000","μmol/L","21.658","deg","20.000","°C","1013.000","hPa","0.825","-0.013","0.000365","-0.00015","0","10","Humid","29.05","0","27.30","276876.76","SABD0002000026","AAV2.0.0.13","4.0.0.2353","PSt7-10","221103-017","5/25/2023 1:31:44 PM","0000-00","0","no battery","V","353819","µV","","µV"
"06/13/2023","14:12:19","8","default","139783136","OXY_CH8","29.199","min","78.539","μmol/L","Humid","21.937","deg","142698","µV","29.689","°C","1016.000","hPa","0.0","pmil","0","55.292","deg","20.000","°C","100.000","μmol/L","21.658","deg","20.000","°C","1013.000","hPa","0.825","-0.013","0.000365","-0.00015","0","10","Humid","29.05","0","27.30","276887.34","SABD0002000026","AAV2.0.0.13","4.0.0.2353","PSt7-10","221103-017","5/25/2023 1:31:44 PM","0000-00","0","no battery","V","353819","µV","","µV"
"06/13/2023","14:12:22","8","default","139783136","OXY_CH8","29.249","min","78.536","μmol/L","Humid","21.938","deg","142713","µV","29.689","°C","1017.000","hPa","0.0","pmil","0","55.292","deg","20.000","°C","100.000","μmol/L","21.658","deg","20.000","°C","1013.000","hPa","0.825","-0.013","0.000365","-0.00015","0","10","Humid","29.05","0","27.30","276891.86","SABD0002000026","AAV2.0.0.13","4.0.0.2353","PSt7-10","221103-017","5/25/2023 1:31:44 PM","0000-00","0","no battery","V","353819","µV","","µV"
"06/13/2023","14:12:25","8","default","139783136","OXY_CH8","29.299","min","78.532","μmol/L","Humid","21.938","deg","142718","µV","29.689","°C","1016.000","hPa","0.0","pmil","0","55.292","deg","20.000","°C","100.000","μmol/L","21.658","deg","20.000","°C","1013.000","hPa","0.825","-0.013","0.000365","-0.00015","0","10","Humid","29.05","0","27.30","276893.65","SABD0002000026","AAV2.0.0.13","4.0.0.2353","PSt7-10","221103-017","5/25/2023 1:31:44 PM","0000-00","0","no battery","V","353819","µV","","µV"
"06/13/2023","14:12:28","8","default","139783136","OXY_CH8","29.349","min","78.495","μmol/L","Humid","21.944","deg","142739","µV","29.689","°C","1017.000","hPa","0.0","pmil","0","55.292","deg","20.000","°C","100.000","μmol/L","21.658","deg","20.000","°C","1013.000","hPa","0.825","-0.013","0.000365","-0.00015","0","10","Humid","29.05","0","27.30","276884.81","SABD0002000026","AAV2.0.0.13","4.0.0.2353","PSt7-10","221103-017","5/25/2023 1:31:44 PM","0000-00","0","no battery","V","353819","µV","","µV"
"06/13/2023","14:12:31","8","default","139783136","OXY_CH8","29.399","min","78.488","μmol/L","Humid","21.945","deg","142749","µV","29.689","°C","1017.000","hPa","0.0","pmil","0","55.292","deg","20.000","°C","100.000","μmol/L","21.658","deg","20.000","°C","1013.000","hPa","0.825","-0.013","0.000365","-0.00015","0","10","Humid","29.05","0","27.30","276874.24","SABD0002000026","AAV2.0.0.13","4.0.0.2353","PSt7-10","221103-017","5/25/2023 1:31:44 PM","0000-00","0","no battery","V","353819","µV","","µV"
"06/13/2023","14:12:34","8","default","139783136","OXY_CH8","29.449","min","78.485","μmol/L","Humid","21.947","deg","142760","µV","29.683","°C","1017.000","hPa","0.0","pmil","0","55.292","deg","20.000","°C","100.000","μmol/L","21.658","deg","20.000","°C","1013.000","hPa","0.825","-0.013","0.000365","-0.00015","0","10","Humid","29.05","0","27.30","276877.79","SABD0002000026","AAV2.0.0.13","4.0.0.2353","PSt7-10","221103-017","5/25/2023 1:31:44 PM","0000-00","0","no battery","V","353819","µV","","µV"
"06/13/2023","14:12:37","8","default","139783136","OXY_CH8","29.499","min","78.465","μmol/L","Humid","21.950","deg","142778","µV","29.683","°C","1017.000","hPa","0.0","pmil","0","55.292","deg","20.000","°C","100.000","μmol/L","21.658","deg","20.000","°C","1013.000","hPa","0.825","-0.013","0.000365","-0.00015","0","10","Humid","29.05","0","27.30","276890.02","SABD0002000026","AAV2.0.0.13","4.0.0.2353","PSt7-10","221103-017","5/25/2023 1:31:44 PM","0000-00","0","no battery","V","353819","µV","","µV"
"06/13/2023","14:12:40","8","default","139783136","OXY_CH8","29.549","min","78.438","μmol/L","Humid","21.954","deg","142786","µV","29.683","°C","1017.000","hPa","0.0","pmil","0","55.292","deg","20.000","°C","100.000","μmol/L","21.658","deg","20.000","°C","1013.000","hPa","0.825","-0.013","0.000365","-0.00015","0","10","Humid","29.05","0","27.30","276900.95","SABD0002000026","AAV2.0.0.13","4.0.0.2353","PSt7-10","221103-017","5/25/2023 1:31:44 PM","0000-00","0","no battery","V","353819","µV","","µV"
"06/13/2023","14:12:43","8","default","139783136","OXY_CH8","29.599","min","78.441","μmol/L","Humid","21.952","deg","142803","µV","29.689","°C","1017.000","hPa","0.0","pmil","0","55.292","deg","20.000","°C","100.000","μmol/L","21.658","deg","20.000","°C","1013.000","hPa","0.825","-0.013","0.000365","-0.00015","0","10","Humid","29.05","0","27.30","276884.96","SABD0002000026","AAV2.0.0.13","4.0.0.2353","PSt7-10","221103-017","5/25/2023 1:31:44 PM","0000-00","0","no battery","V","353819","µV","","µV"
"06/13/2023","14:12:46","8","default","139783136","OXY_CH8","29.649","min","78.417","μmol/L","Humid","21.957","deg","142814","µV","29.683","°C","1017.000","hPa","0.0","pmil","0","55.292","deg","20.000","°C","100.000","μmol/L","21.658","deg","20.000","°C","1013.000","hPa","0.825","-0.013","0.000365","-0.00015","0","10","Humid","29.05","0","27.30","276885.01","SABD0002000026","AAV2.0.0.13","4.0.0.2353","PSt7-10","221103-017","5/25/2023 1:31:44 PM","0000-00","0","no battery","V","353819","µV","","µV"
"06/13/2023","14:12:49","8","default","139783136","OXY_CH8","29.699","min","78.411","μmol/L","Humid","21.958","deg","142825","µV","29.683","°C","1017.000","hPa","0.0","pmil","0","55.292","deg","20.000","°C","100.000","μmol/L","21.658","deg","20.000","°C","1013.000","hPa","0.825","-0.013","0.000365","-0.00015","0","10","Humid","29.05","0","27.30","276875.21","SABD0002000026","AAV2.0.0.13","4.0.0.2353","PSt7-10","221103-017","5/25/2023 1:31:44 PM","0000-00","0","no battery","V","353819","µV","","µV"
"06/13/2023","14:12:52","8","default","139783136","OXY_CH8","29.749","min","78.391","μmol/L","Humid","21.962","deg","142842","µV","29.677","°C","1016.000","hPa","0.0","pmil","0","55.292","deg","20.000","°C","100.000","μmol/L","21.658","deg","20.000","°C","1013.000","hPa","0.825","-0.013","0.000365","-0.00015","0","10","Humid","29.05","0","27.30","276885.61","SABD0002000026","AAV2.0.0.13","4.0.0.2353","PSt7-10","221103-017","5/25/2023 1:31:44 PM","0000-00","0","no battery","V","353819","µV","","µV"
"06/13/2023","14:12:55","8","default","139783136","OXY_CH8","29.799","min","78.377","μmol/L","Humid","21.963","deg","142856","µV","29.683","°C","1017.000","hPa","0.0","pmil","0","55.292","deg","20.000","°C","100.000","μmol/L","21.658","deg","20.000","°C","1013.000","hPa","0.825","-0.013","0.000365","-0.00015","0","10","Humid","29.05","0","27.30","276870.61","SABD0002000026","AAV2.0.0.13","4.0.0.2353","PSt7-10","221103-017","5/25/2023 1:31:44 PM","0000-00","0","no battery","V","353819","µV","","µV"
"06/13/2023","14:12:58","8","default","139783136","OXY_CH8","29.849","min","78.357","μmol/L","Humid","21.966","deg","142867","µV","29.683","°C","1017.000","hPa","0.0","pmil","0","55.292","deg","20.000","°C","100.000","μmol/L","21.658","deg","20.000","°C","1013.000","hPa","0.825","-0.013","0.000365","-0.00015","0","10","Humid","29.05","0","27.30","276878.94","SABD0002000026","AAV2.0.0.13","4.0.0.2353","PSt7-10","221103-017","5/25/2023 1:31:44 PM","0000-00","0","no battery","V","353819","µV","","µV"
"06/13/2023","14:13:01","8","default","139783136","OXY_CH8","29.899","min","78.350","μmol/L","Humid","21.967","deg","142876","µV","29.683","°C","1017.000","hPa","0.0","pmil","0","55.292","deg","20.000","°C","100.000","μmol/L","21.658","deg","20.000","°C","1013.000","hPa","0.825","-0.013","0.000365","-0.00015","0","10","Humid","29.05","0","27.30","276867.83","SABD0002000026","AAV2.0.0.13","4.0.0.2353","PSt7-10","221103-017","5/25/2023 1:31:44 PM","0000-00","0","no battery","V","353819","µV","","µV"
"06/13/2023","14:13:04","8","default","139783136","OXY_CH8","29.949","min","78.353","μmol/L","Humid","21.968","deg","142893","µV","29.677","°C","1017.000","hPa","0.0","pmil","0","55.292","deg","20.000","°C","100.000","μmol/L","21.658","deg","20.000","°C","1013.000","hPa","0.825","-0.013","0.000365","-0.00015","0","10","Humid","29.05","0","27.30","276872.00","SABD0002000026","AAV2.0.0.13","4.0.0.2353","PSt7-10","221103-017","5/25/2023 1:31:44 PM","0000-00","0","no battery","V","353819","µV","","µV"
"06/13/2023","14:13:07","8","default","139783136","OXY_CH8","29.999","min","78.347","μmol/L","Humid","21.969","deg","142902","µV","29.677","°C","1017.000","hPa","0.0","pmil","0","55.292","deg","20.000","°C","100.000","μmol/L","21.658","deg","20.000","°C","1013.000","hPa","0.825","-0.013","0.000365","-0.00015","0","10","Humid","29.05","0","27.30","276867.97","SABD0002000026","AAV2.0.0.13","4.0.0.2353","PSt7-10","221103-017","5/25/2023 1:31:44 PM","0000-00","0","no battery","V","353819","µV","","µV"
"06/13/2023","14:13:10","8","default","139783136","OXY_CH8","30.049","min","78.327","μmol/L","Humid","21.973","deg","142921","µV","29.670","°C","1016.000","hPa","0.0","pmil","0","55.292","deg","20.000","°C","100.000","μmol/L","21.658","deg","20.000","°C","1013.000","hPa","0.825","-0.013","0.000365","-0.00015","0","10","Humid","29.05","0","27.30","276866.16","SABD0002000026","AAV2.0.0.13","4.0.0.2353","PSt7-10","221103-017","5/25/2023 1:31:44 PM","0000-00","0","no battery","V","353819","µV","","µV"
"06/13/2023","14:13:13","8","default","139783136","OXY_CH8","30.099","min","78.333","μmol/L","Humid","21.972","deg","142926","µV","29.670","°C","1016.000","hPa","0.0","pmil","0","55.292","deg","20.000","°C","100.000","μmol/L","21.658","deg","20.000","°C","1013.000","hPa","0.825","-0.013","0.000365","-0.00015","0","10","Humid","29.05","0","27.30","276866.99","SABD0002000026","AAV2.0.0.13","4.0.0.2353","PSt7-10","221103-017","5/25/2023 1:31:44 PM","0000-00","0","no battery","V","353819","µV","","µV"
"06/13/2023","14:13:16","8","default","139783136","OXY_CH8","30.149","min","78.296","μmol/L","Humid","21.979","deg","142943","µV","29.664","°C","1016.000","hPa","0.0","pmil","0","55.292","deg","20.000","°C","100.000","μmol/L","21.658","deg","20.000","°C","1013.000","hPa","0.825","-0.013","0.000365","-0.00015","0","10","Humid","29.05","0","27.30","276858.09","SABD0002000026","AAV2.0.0.13","4.0.0.2353","PSt7-10","221103-017","5/25/2023 1:31:44 PM","0000-00","0","no battery","V","353819","µV","","µV"
"06/13/2023","14:13:19","8","default","139783136","OXY_CH8","30.199","min","78.286","μmol/L","Humid","21.979","deg","142957","µV","29.670","°C","1016.000","hPa","0.0","pmil","0","55.292","deg","20.000","°C","100.000","μmol/L","21.658","deg","20.000","°C","1013.000","hPa","0.825","-0.013","0.000365","-0.00015","0","10","Humid","29.05","0","27.30","276867.97","SABD0002000026","AAV2.0.0.13","4.0.0.2353","PSt7-10","221103-017","5/25/2023 1:31:44 PM","0000-00","0","no battery","V","353819","µV","","µV"
"06/13/2023","14:13:22","8","default","139783136","OXY_CH8","30.249","min","78.252","μmol/L","Humid","21.981","deg","142970","µV","29.683","°C","1016.000","hPa","0.0","pmil","0","55.292","deg","20.000","°C","100.000","μmol/L","21.658","deg","20.000","°C","1013.000","hPa","0.825","-0.013","0.000365","-0.00015","0","10","Humid","29.05","0","27.30","276858.94","SABD0002000026","AAV2.0.0.13","4.0.0.2353","PSt7-10","221103-017","5/25/2023 1:31:44 PM","0000-00","0","no battery","V","353819","µV","","µV"
"06/13/2023","14:13:25","8","default","139783136","OXY_CH8","30.299","min","78.242","μmol/L","Humid","21.984","deg","142976","µV","29.677","°C","1016.000","hPa","0.0","pmil","0","55.292","deg","20.000","°C","100.000","μmol/L","21.658","deg","20.000","°C","1013.000","hPa","0.825","-0.013","0.000365","-0.00015","0","10","Humid","29.05","0","27.30","276872.35","SABD0002000026","AAV2.0.0.13","4.0.0.2353","PSt7-10","221103-017","5/25/2023 1:31:44 PM","0000-00","0","no battery","V","353819","µV","","µV"
"06/13/2023","14:13:28","8","default","139783136","OXY_CH8","30.349","min","78.232","μmol/L","Humid","21.987","deg","143005","µV","29.670","°C","1016.000","hPa","0.0","pmil","0","55.292","deg","20.000","°C","100.000","μmol/L","21.658","deg","20.000","°C","1013.000","hPa","0.825","-0.013","0.000365","-0.00015","0","10","Humid","29.05","0","27.30","276871.50","SABD0002000026","AAV2.0.0.13","4.0.0.2353","PSt7-10","221103-017","5/25/2023 1:31:44 PM","0000-00","0","no battery","V","353819","µV","","µV"
"06/13/2023","14:13:31","8","default","139783136","OXY_CH8","30.399","min","78.246","μmol/L","Humid","21.985","deg","143018","µV","29.670","°C","1016.000","hPa","0.0","pmil","0","55.292","deg","20.000","°C","100.000","μmol/L","21.658","deg","20.000","°C","1013.000","hPa","0.825","-0.013","0.000365","-0.00015","0","10","Humid","29.05","0","27.30","276860.02","SABD0002000026","AAV2.0.0.13","4.0.0.2353","PSt7-10","221103-017","5/25/2023 1:31:44 PM","0000-00","0","no battery","V","353819","µV","","µV"
"06/13/2023","14:13:34","8","default","139783136","OXY_CH8","30.449","min","78.215","μmol/L","Humid","21.991","deg","143026","µV","29.664","°C","1016.000","hPa","0.0","pmil","0","55.292","deg","20.000","°C","100.000","μmol/L","21.658","deg","20.000","°C","1013.000","hPa","0.825","-0.013","0.000365","-0.00015","0","10","Humid","29.05","0","27.30","276862.32","SABD0002000026","AAV2.0.0.13","4.0.0.2353","PSt7-10","221103-017","5/25/2023 1:31:44 PM","0000-00","0","no battery","V","353819","µV","","µV"
"06/13/2023","14:13:37","8","default","139783136","OXY_CH8","30.499","min","78.195","μmol/L","Humid","21.994","deg","143037","µV","29.664","°C","1016.000","hPa","0.0","pmil","0","55.292","deg","20.000","°C","100.000","μmol/L","21.658","deg","20.000","°C","1013.000","hPa","0.825","-0.013","0.000365","-0.00015","0","10","Humid","29.05","0","27.30","276849.62","SABD0002000026","AAV2.0.0.13","4.0.0.2353","PSt7-10","221103-017","5/25/2023 1:31:44 PM","0000-00","0","no battery","V","353819","µV","","µV"
"06/13/2023","14:13:40","8","default","139783136","OXY_CH8","30.549","min","78.202","μmol/L","Humid","21.993","deg","143046","µV","29.664","°C","1016.000","hPa","0.0","pmil","0","55.292","deg","20.000","°C","100.000","μmol/L","21.658","deg","20.000","°C","1013.000","hPa","0.825","-0.013","0.000365","-0.00015","0","10","Humid","29.05","0","27.30","276854.69","SABD0002000026","AAV2.0.0.13","4.0.0.2353","PSt7-10","221103-017","5/25/2023 1:31:44 PM","0000-00","0","no battery","V","353819","µV","","µV"
"06/13/2023","14:13:43","8","default","139783136","OXY_CH8","30.599","min","78.162","μmol/L","Humid","21.999","deg","143068","µV","29.664","°C","1016.000","hPa","0.0","pmil","0","55.292","deg","20.000","°C","100.000","μmol/L","21.658","deg","20.000","°C","1013.000","hPa","0.825","-0.013","0.000365","-0.00015","0","10","Humid","29.05","0","27.30","276866.65","SABD0002000026","AAV2.0.0.13","4.0.0.2353","PSt7-10","221103-017","5/25/2023 1:31:44 PM","0000-00","0","no battery","V","353819","µV","","µV"
"06/13/2023","14:13:46","8","default","139783136","OXY_CH8","30.649","min","78.178","μmol/L","Humid","21.998","deg","143082","µV","29.658","°C","1016.000","hPa","0.0","pmil","0","55.292","deg","20.000","°C","100.000","μmol/L","21.658","deg","20.000","°C","1013.000","hPa","0.825","-0.013","0.000365","-0.00015","0","10","Humid","29.05","0","27.30","276861.57","SABD0002000026","AAV2.0.0.13","4.0.0.2353","PSt7-10","221103-017","5/25/2023 1:31:44 PM","0000-00","0","no battery","V","353819","µV","","µV"
"06/13/2023","14:13:49","8","default","139783136","OXY_CH8","30.699","min","78.148","μmol/L","Humid","22.001","deg","143097","µV","29.664","°C","1016.000","hPa","0.0","pmil","0","55.292","deg","20.000","°C","100.000","μmol/L","21.658","deg","20.000","°C","1013.000","hPa","0.825","-0.013","0.000365","-0.00015","0","10","Humid","29.05","0","27.30","276860.12","SABD0002000026","AAV2.0.0.13","4.0.0.2353","PSt7-10","221103-017","5/25/2023 1:31:44 PM","0000-00","0","no battery","V","353819","µV","","µV"
"06/13/2023","14:13:52","8","default","139783136","OXY_CH8","30.749","min","78.145","μmol/L","Humid","22.003","deg","143112","µV","29.658","°C","1016.000","hPa","0.0","pmil","0","55.292","deg","20.000","°C","100.000","μmol/L","21.658","deg","20.000","°C","1013.000","hPa","0.825","-0.013","0.000365","-0.00015","0","10","Humid","29.05","0","27.30","276860.39","SABD0002000026","AAV2.0.0.13","4.0.0.2353","PSt7-10","221103-017","5/25/2023 1:31:44 PM","0000-00","0","no battery","V","353819","µV","","µV"
"06/13/2023","14:13:55","8","default","139783136","OXY_CH8","30.799","min","78.142","μmol/L","Humid","22.005","deg","143122","µV","29.652","°C","1016.000","hPa","0.0","pmil","0","55.292","deg","20.000","°C","100.000","μmol/L","21.658","deg","20.000","°C","1013.000","hPa","0.825","-0.013","0.000365","-0.00015","0","10","Humid","29.05","0","27.30","276839.14","SABD0002000026","AAV2.0.0.13","4.0.0.2353","PSt7-10","221103-017","5/25/2023 1:31:44 PM","0000-00","0","no battery","V","353819","µV","","µV"
"06/13/2023","14:13:58","8","default","139783136","OXY_CH8","30.849","min","78.104","μmol/L","Humid","22.009","deg","143143","µV","29.658","°C","1016.000","hPa","0.0","pmil","0","55.292","deg","20.000","°C","100.000","μmol/L","21.658","deg","20.000","°C","1013.000","hPa","0.825","-0.013","0.000365","-0.00015","0","10","Humid","29.05","0","27.30","276855.55","SABD0002000026","AAV2.0.0.13","4.0.0.2353","PSt7-10","221103-017","5/25/2023 1:31:44 PM","0000-00","0","no battery","V","353819","µV","","µV"
"06/13/2023","14:14:01","8","default","139783136","OXY_CH8","30.898","min","78.098","μmol/L","Humid","22.010","deg","143151","µV","29.658","°C","1016.000","hPa","0.0","pmil","0","55.292","deg","20.000","°C","100.000","μmol/L","21.658","deg","20.000","°C","1013.000","hPa","0.825","-0.013","0.000365","-0.00015","0","10","Humid","29.05","0","27.30","276858.10","SABD0002000026","AAV2.0.0.13","4.0.0.2353","PSt7-10","221103-017","5/25/2023 1:31:44 PM","0000-00","0","no battery","V","353819","µV","","µV"
"06/13/2023","14:14:04","8","default","139783136","OXY_CH8","30.949","min","78.091","μmol/L","Humid","22.011","deg","143164","µV","29.658","°C","1016.000","hPa","0.0","pmil","0","55.292","deg","20.000","°C","100.000","μmol/L","21.658","deg","20.000","°C","1013.000","hPa","0.825","-0.013","0.000365","-0.00015","0","10","Humid","29.05","0","27.30","276853.71","SABD0002000026","AAV2.0.0.13","4.0.0.2353","PSt7-10","221103-017","5/25/2023 1:31:44 PM","0000-00","0","no battery","V","353819","µV","","µV"
"06/13/2023","14:14:07","8","default","139783136","OXY_CH8","30.999","min","78.094","μmol/L","Humid","22.012","deg","143179","µV","29.652","°C","1016.000","hPa","0.0","pmil","0","55.292","deg","20.000","°C","100.000","μmol/L","21.658","deg","20.000","°C","1013.000","hPa","0.825","-0.013","0.000365","-0.00015","0","10","Humid","29.05","0","27.30","276840.78","SABD0002000026","AAV2.0.0.13","4.0.0.2353","PSt7-10","221103-017","5/25/2023 1:31:44 PM","0000-00","0","no battery","V","353819","µV","","µV"
"06/13/2023","14:14:10","8","default","139783136","OXY_CH8","31.049","min","78.064","μmol/L","Humid","22.015","deg","143190","µV","29.658","°C","1016.000","hPa","0.0","pmil","0","55.292","deg","20.000","°C","100.000","μmol/L","21.658","deg","20.000","°C","1013.000","hPa","0.825","-0.013","0.000365","-0.00015","0","10","Humid","29.05","0","27.30","276852.93","SABD0002000026","AAV2.0.0.13","4.0.0.2353","PSt7-10","221103-017","5/25/2023 1:31:44 PM","0000-00","0","no battery","V","353819","µV","","µV"
"06/13/2023","14:14:13","8","default","139783136","OXY_CH8","31.099","min","78.068","μmol/L","Humid","22.016","deg","143216","µV","29.652","°C","1016.000","hPa","0.0","pmil","0","55.292","deg","20.000","°C","100.000","μmol/L","21.658","deg","20.000","°C","1013.000","hPa","0.825","-0.013","0.000365","-0.00015","0","10","Humid","29.05","0","27.30","276849.97","SABD0002000026","AAV2.0.0.13","4.0.0.2353","PSt7-10","221103-017","5/25/2023 1:31:44 PM","0000-00","0","no battery","V","353819","µV","","µV"
"06/13/2023","14:14:16","8","default","139783136","OXY_CH8","31.149","min","78.044","μmol/L","Humid","22.020","deg","143221","µV","29.652","°C","1017.000","hPa","0.0","pmil","0","55.292","deg","20.000","°C","100.000","μmol/L","21.658","deg","20.000","°C","1013.000","hPa","0.825","-0.013","0.000365","-0.00015","0","10","Humid","29.05","0","27.30","276849.15","SABD0002000026","AAV2.0.0.13","4.0.0.2353","PSt7-10","221103-017","5/25/2023 1:31:44 PM","0000-00","0","no battery","V","353819","µV","","µV"
"06/13/2023","14:14:19","8","default","139783136","OXY_CH8","31.199","min","78.014","μmol/L","Humid","22.024","deg","143238","µV","29.652","°C","1016.000","hPa","0.0","pmil","0","55.292","deg","20.000","°C","100.000","μmol/L","21.658","deg","20.000","°C","1013.000","hPa","0.825","-0.013","0.000365","-0.00015","0","10","Humid","29.05","0","27.30","276856.03","SABD0002000026","AAV2.0.0.13","4.0.0.2353","PSt7-10","221103-017","5/25/2023 1:31:44 PM","0000-00","0","no battery","V","353819","µV","","µV"
"06/13/2023","14:14:22","8","default","139783136","OXY_CH8","31.249","min","78.007","μmol/L","Humid","22.024","deg","143253","µV","29.658","°C","1017.000","hPa","0.0","pmil","0","55.292","deg","20.000","°C","100.000","μmol/L","21.658","deg","20.000","°C","1013.000","hPa","0.825","-0.013","0.000365","-0.00015","0","10","Humid","29.05","0","27.30","276853.76","SABD0002000026","AAV2.0.0.13","4.0.0.2353","PSt7-10","221103-017","5/25/2023 1:31:44 PM","0000-00","0","no battery","V","353819","µV","","µV"
"06/13/2023","14:14:25","8","default","139783136","OXY_CH8","31.299","min","77.994","μmol/L","Humid","22.026","deg","143268","µV","29.658","°C","1017.000","hPa","0.0","pmil","0","55.292","deg","20.000","°C","100.000","μmol/L","21.658","deg","20.000","°C","1013.000","hPa","0.825","-0.013","0.000365","-0.00015","0","10","Humid","29.05","0","27.30","276850.37","SABD0002000026","AAV2.0.0.13","4.0.0.2353","PSt7-10","221103-017","5/25/2023 1:31:44 PM","0000-00","0","no battery","V","353819","µV","","µV"
"06/13/2023","14:14:28","8","default","139783136","OXY_CH8","31.349","min","78.001","μmol/L","Humid","22.028","deg","143277","µV","29.646","°C","1017.000","hPa","0.0","pmil","0","55.292","deg","20.000","°C","100.000","μmol/L","21.658","deg","20.000","°C","1013.000","hPa","0.825","-0.013","0.000365","-0.00015","0","10","Humid","29.05","0","27.30","276850.92","SABD0002000026","AAV2.0.0.13","4.0.0.2353","PSt7-10","221103-017","5/25/2023 1:31:44 PM","0000-00","0","no battery","V","353819","µV","","µV"
"06/13/2023","14:14:31","8","default","139783136","OXY_CH8","31.399","min","77.984","μmol/L","Humid","22.029","deg","143287","µV","29.652","°C","1017.000","hPa","0.0","pmil","0","55.292","deg","20.000","°C","100.000","μmol/L","21.658","deg","20.000","°C","1013.000","hPa","0.825","-0.013","0.000365","-0.00015","0","10","Humid","29.05","0","27.30","276849.71","SABD0002000026","AAV2.0.0.13","4.0.0.2353","PSt7-10","221103-017","5/25/2023 1:31:44 PM","0000-00","0","no battery","V","353819","µV","","µV"
"06/13/2023","14:14:34","8","default","139783136","OXY_CH8","31.449","min","77.964","μmol/L","Humid","22.032","deg","143302","µV","29.652","°C","1017.000","hPa","0.0","pmil","0","55.292","deg","20.000","°C","100.000","μmol/L","21.658","deg","20.000","°C","1013.000","hPa","0.825","-0.013","0.000365","-0.00015","0","10","Humid","29.05","0","27.30","276842.05","SABD0002000026","AAV2.0.0.13","4.0.0.2353","PSt7-10","221103-017","5/25/2023 1:31:44 PM","0000-00","0","no battery","V","353819","µV","","µV"
"06/13/2023","14:14:37","8","default","139783136","OXY_CH8","31.499","min","77.947","μmol/L","Humid","22.034","deg","143320","µV","29.652","°C","1016.000","hPa","0.0","pmil","0","55.292","deg","20.000","°C","100.000","μmol/L","21.658","deg","20.000","°C","1013.000","hPa","0.825","-0.013","0.000365","-0.00015","0","10","Humid","29.05","0","27.30","276839.63","SABD0002000026","AAV2.0.0.13","4.0.0.2353","PSt7-10","221103-017","5/25/2023 1:31:44 PM","0000-00","0","no battery","V","353819","µV","","µV"
"06/13/2023","14:14:40","8","default","139783136","OXY_CH8","31.549","min","77.944","μmol/L","Humid","22.036","deg","143329","µV","29.646","°C","1016.000","hPa","0.0","pmil","0","55.292","deg","20.000","°C","100.000","μmol/L","21.658","deg","20.000","°C","1013.000","hPa","0.825","-0.013","0.000365","-0.00015","0","10","Humid","29.05","0","27.30","276842.95","SABD0002000026","AAV2.0.0.13","4.0.0.2353","PSt7-10","221103-017","5/25/2023 1:31:44 PM","0000-00","0","no battery","V","353819","µV","","µV"
"06/13/2023","14:14:43","8","default","139783136","OXY_CH8","31.599","min","77.937","μmol/L","Humid","22.037","deg","143352","µV","29.646","°C","1016.000","hPa","0.0","pmil","0","55.292","deg","20.000","°C","100.000","μmol/L","21.658","deg","20.000","°C","1013.000","hPa","0.825","-0.013","0.000365","-0.00015","0","10","Humid","29.05","0","27.30","276847.60","SABD0002000026","AAV2.0.0.13","4.0.0.2353","PSt7-10","221103-017","5/25/2023 1:31:44 PM","0000-00","0","no battery","V","353819","µV","","µV"
"06/13/2023","14:14:46","8","default","139783136","OXY_CH8","31.649","min","77.903","μmol/L","Humid","22.042","deg","143349","µV","29.646","°C","1016.000","hPa","0.0","pmil","0","55.292","deg","20.000","°C","100.000","μmol/L","21.658","deg","20.000","°C","1013.000","hPa","0.825","-0.013","0.000365","-0.00015","0","10","Humid","29.05","0","27.30","276842.88","SABD0002000026","AAV2.0.0.13","4.0.0.2353","PSt7-10","221103-017","5/25/2023 1:31:44 PM","0000-00","0","no battery","V","353819","µV","","µV"
"06/13/2023","14:14:49","8","default","139783136","OXY_CH8","31.699","min","77.903","μmol/L","Humid","22.042","deg","143365","µV","29.646","°C","1016.000","hPa","0.0","pmil","0","55.292","deg","20.000","°C","100.000","μmol/L","21.658","deg","20.000","°C","1013.000","hPa","0.825","-0.013","0.000365","-0.00015","0","10","Humid","29.05","0","27.30","276833.36","SABD0002000026","AAV2.0.0.13","4.0.0.2353","PSt7-10","221103-017","5/25/2023 1:31:44 PM","0000-00","0","no battery","V","353819","µV","","µV"
"06/13/2023","14:14:52","8","default","139783136","OXY_CH8","31.749","min","77.893","μmol/L","Humid","22.045","deg","143383","µV","29.640","°C","1016.000","hPa","0.0","pmil","0","55.292","deg","20.000","°C","100.000","μmol/L","21.658","deg","20.000","°C","1013.000","hPa","0.825","-0.013","0.000365","-0.00015","0","10","Humid","29.05","0","27.30","276838.16","SABD0002000026","AAV2.0.0.13","4.0.0.2353","PSt7-10","221103-017","5/25/2023 1:31:44 PM","0000-00","0","no battery","V","353819","µV","","µV"
"06/13/2023","14:14:55","8","default","139783136","OXY_CH8","31.799","min","77.900","μmol/L","Humid","22.044","deg","143396","µV","29.640","°C","1016.000","hPa","0.0","pmil","0","55.292","deg","20.000","°C","100.000","μmol/L","21.658","deg","20.000","°C","1013.000","hPa","0.825","-0.013","0.000365","-0.00015","0","10","Humid","29.05","0","27.30","276837.51","SABD0002000026","AAV2.0.0.13","4.0.0.2353","PSt7-10","221103-017","5/25/2023 1:31:44 PM","0000-00","0","no battery","V","353819","µV","","µV"
"06/13/2023","14:14:58","8","default","139783136","OXY_CH8","31.849","min","77.856","μmol/L","Humid","22.049","deg","143401","µV","29.646","°C","1016.000","hPa","0.0","pmil","0","55.292","deg","20.000","°C","100.000","μmol/L","21.658","deg","20.000","°C","1013.000","hPa","0.825","-0.013","0.000365","-0.00015","0","10","Humid","29.05","0","27.30","276834.97","SABD0002000026","AAV2.0.0.13","4.0.0.2353","PSt7-10","221103-017","5/25/2023 1:31:44 PM","0000-00","0","no battery","V","353819","µV","","µV"
"06/13/2023","14:15:01","8","default","139783136","OXY_CH8","31.899","min","77.840","μmol/L","Humid","22.053","deg","143418","µV","29.640","°C","1016.000","hPa","0.0","pmil","0","55.292","deg","20.000","°C","100.000","μmol/L","21.658","deg","20.000","°C","1013.000","hPa","0.825","-0.013","0.000365","-0.00015","0","10","Humid","29.05","0","27.30","276836.51","SABD0002000026","AAV2.0.0.13","4.0.0.2353","PSt7-10","221103-017","5/25/2023 1:31:44 PM","0000-00","0","no battery","V","353819","µV","","µV"
"06/13/2023","14:15:04","8","default","139783136","OXY_CH8","31.949","min","77.863","μmol/L","Humid","22.051","deg","143422","µV","29.634","°C","1016.000","hPa","0.0","pmil","0","55.292","deg","20.000","°C","100.000","μmol/L","21.658","deg","20.000","°C","1013.000","hPa","0.825","-0.013","0.000365","-0.00015","0","10","Humid","29.05","0","27.30","276827.38","SABD0002000026","AAV2.0.0.13","4.0.0.2353","PSt7-10","221103-017","5/25/2023 1:31:44 PM","0000-00","0","no battery","V","353819","µV","","µV"
"06/13/2023","14:15:07","8","default","139783136","OXY_CH8","31.998","min","77.833","μmol/L","Humid","22.054","deg","143446","µV","29.640","°C","1016.000","hPa","0.0","pmil","0","55.292","deg","20.000","°C","100.000","μmol/L","21.658","deg","20.000","°C","1013.000","hPa","0.825","-0.013","0.000365","-0.00015","0","10","Humid","29.05","0","27.30","276829.17","SABD0002000026","AAV2.0.0.13","4.0.0.2353","PSt7-10","221103-017","5/25/2023 1:31:44 PM","0000-00","0","no battery","V","353819","µV","","µV"
"06/13/2023","14:15:10","8","default","139783136","OXY_CH8","32.049","min","77.810","μmol/L","Humid","22.059","deg","143460","µV","29.634","°C","1016.000","hPa","0.0","pmil","0","55.292","deg","20.000","°C","100.000","μmol/L","21.658","deg","20.000","°C","1013.000","hPa","0.825","-0.013","0.000365","-0.00015","0","10","Humid","29.05","0","27.30","276821.35","SABD0002000026","AAV2.0.0.13","4.0.0.2353","PSt7-10","221103-017","5/25/2023 1:31:44 PM","0000-00","0","no battery","V","353819","µV","","µV"
"06/13/2023","14:15:13","8","default","139783136","OXY_CH8","32.099","min","77.806","μmol/L","Humid","22.058","deg","143469","µV","29.640","°C","1016.000","hPa","0.0","pmil","0","55.292","deg","20.000","°C","100.000","μmol/L","21.658","deg","20.000","°C","1013.000","hPa","0.825","-0.013","0.000365","-0.00015","0","10","Humid","29.05","0","27.30","276827.66","SABD0002000026","AAV2.0.0.13","4.0.0.2353","PSt7-10","221103-017","5/25/2023 1:31:44 PM","0000-00","0","no battery","V","353819","µV","","µV"
"06/13/2023","14:15:16","8","default","139783136","OXY_CH8","32.149","min","77.803","μmol/L","Humid","22.060","deg","143482","µV","29.634","°C","1016.000","hPa","0.0","pmil","0","55.292","deg","20.000","°C","100.000","μmol/L","21.658","deg","20.000","°C","1013.000","hPa","0.825","-0.013","0.000365","-0.00015","0","10","Humid","29.05","0","27.30","276822.91","SABD0002000026","AAV2.0.0.13","4.0.0.2353","PSt7-10","221103-017","5/25/2023 1:31:44 PM","0000-00","0","no battery","V","353819","µV","","µV"
"06/13/2023","14:15:19","8","default","139783136","OXY_CH8","32.199","min","77.770","μmol/L","Humid","22.065","deg","143504","µV","29.634","°C","1016.000","hPa","0.0","pmil","0","55.292","deg","20.000","°C","100.000","μmol/L","21.658","deg","20.000","°C","1013.000","hPa","0.825","-0.013","0.000365","-0.00015","0","10","Humid","29.05","0","27.30","276837.74","SABD0002000026","AAV2.0.0.13","4.0.0.2353","PSt7-10","221103-017","5/25/2023 1:31:44 PM","0000-00","0","no battery","V","353819","µV","","µV"
"06/13/2023","14:15:22","8","default","139783136","OXY_CH8","32.249","min","77.773","μmol/L","Humid","22.066","deg","143513","µV","29.628","°C","1016.000","hPa","0.0","pmil","0","55.292","deg","20.000","°C","100.000","μmol/L","21.658","deg","20.000","°C","1013.000","hPa","0.825","-0.013","0.000365","-0.00015","0","10","Humid","29.05","0","27.30","276816.49","SABD0002000026","AAV2.0.0.13","4.0.0.2353","PSt7-10","221103-017","5/25/2023 1:31:44 PM","0000-00","0","no battery","V","353819","µV","","µV"
"06/13/2023","14:15:25","8","default","139783136","OXY_CH8","32.299","min","77.750","μmol/L","Humid","22.068","deg","143525","µV","29.634","°C","1016.000","hPa","0.0","pmil","0","55.292","deg","20.000","°C","100.000","μmol/L","21.658","deg","20.000","°C","1013.000","hPa","0.825","-0.013","0.000365","-0.00015","0","10","Humid","29.05","0","27.30","276825.80","SABD0002000026","AAV2.0.0.13","4.0.0.2353","PSt7-10","221103-017","5/25/2023 1:31:44 PM","0000-00","0","no battery","V","353819","µV","","µV"
"06/13/2023","14:15:28","8","default","139783136","OXY_CH8","32.349","min","77.726","μmol/L","Humid","22.072","deg","143540","µV","29.634","°C","1017.000","hPa","0.0","pmil","0","55.292","deg","20.000","°C","100.000","μmol/L","21.658","deg","20.000","°C","1013.000","hPa","0.825","-0.013","0.000365","-0.00015","0","10","Humid","29.05","0","27.30","276826.66","SABD0002000026","AAV2.0.0.13","4.0.0.2353","PSt7-10","221103-017","5/25/2023 1:31:44 PM","0000-00","0","no battery","V","353819","µV","","µV"
"06/13/2023","14:15:31","8","default","139783136","OXY_CH8","32.399","min","77.713","μmol/L","Humid","22.072","deg","143542","µV","29.640","°C","1016.000","hPa","0.0","pmil","0","55.292","deg","20.000","°C","100.000","μmol/L","21.658","deg","20.000","°C","1013.000","hPa","0.825","-0.013","0.000365","-0.00015","0","10","Humid","29.05","0","27.30","276821.28","SABD0002000026","AAV2.0.0.13","4.0.0.2353","PSt7-10","221103-017","5/25/2023 1:31:44 PM","0000-00","0","no battery","V","353819","µV","","µV"
"06/13/2023","14:15:34","8","default","139783136","OXY_CH8","32.449","min","77.710","μmol/L","Humid","22.074","deg","143561","µV","29.634","°C","1016.000","hPa","0.0","pmil","0","55.292","deg","20.000","°C","100.000","μmol/L","21.658","deg","20.000","°C","1013.000","hPa","0.825","-0.013","0.000365","-0.00015","0","10","Humid","29.05","0","27.30","276800.13","SABD0002000026","AAV2.0.0.13","4.0.0.2353","PSt7-10","221103-017","5/25/2023 1:31:44 PM","0000-00","0","no battery","V","353819","µV","","µV"
"06/13/2023","14:15:37","8","default","139783136","OXY_CH8","32.499","min","77.723","μmol/L","Humid","22.075","deg","143577","µV","29.621","°C","1016.000","hPa","0.0","pmil","0","55.292","deg","20.000","°C","100.000","μmol/L","21.658","deg","20.000","°C","1013.000","hPa","0.825","-0.013","0.000365","-0.00015","0","10","Humid","29.05","0","27.30","276802.91","SABD0002000026","AAV2.0.0.13","4.0.0.2353","PSt7-10","221103-017","5/25/2023 1:31:44 PM","0000-00","0","no battery","V","353819","µV","","µV"
"06/13/2023","14:15:40","8","default","139783136","OXY_CH8","32.549","min","77.693","μmol/L","Humid","22.078","deg","143590","µV","29.628","°C","1016.000","hPa","0.0","pmil","0","55.292","deg","20.000","°C","100.000","μmol/L","21.658","deg","20.000","°C","1013.000","hPa","0.825","-0.013","0.000365","-0.00015","0","10","Humid","29.05","0","27.30","276811.84","SABD0002000026","AAV2.0.0.13","4.0.0.2353","PSt7-10","221103-017","5/25/2023 1:31:44 PM","0000-00","0","no battery","V","353819","µV","","µV"
"06/13/2023","14:15:43","8","default","139783136","OXY_CH8","32.599","min","77.680","μmol/L","Humid","22.080","deg","143605","µV","29.628","°C","1016.000","hPa","0.0","pmil","0","55.292","deg","20.000","°C","100.000","μmol/L","21.658","deg","20.000","°C","1013.000","hPa","0.825","-0.013","0.000365","-0.00015","0","10","Humid","29.05","0","27.30","276807.82","SABD0002000026","AAV2.0.0.13","4.0.0.2353","PSt7-10","221103-017","5/25/2023 1:31:44 PM","0000-00","0","no battery","V","353819","µV","","µV"
"06/13/2023","14:15:46","8","default","139783136","OXY_CH8","32.649","min","77.673","μmol/L","Humid","22.081","deg","143625","µV","29.628","°C","1016.000","hPa","0.0","pmil","0","55.292","deg","20.000","°C","100.000","μmol/L","21.658","deg","20.000","°C","1013.000","hPa","0.825","-0.013","0.000365","-0.00015","0","10","Humid","29.05","0","27.30","276810.46","SABD0002000026","AAV2.0.0.13","4.0.0.2353","PSt7-10","221103-017","5/25/2023 1:31:44 PM","0000-00","0","no battery","V","353819","µV","","µV"
"06/13/2023","14:15:49","8","default","139783136","OXY_CH8","32.699","min","77.650","μmol/L","Humid","22.086","deg","143644","µV","29.621","°C","1016.000","hPa","0.0","pmil","0","55.292","deg","20.000","°C","100.000","μmol/L","21.658","deg","20.000","°C","1013.000","hPa","0.825","-0.013","0.000365","-0.00015","0","10","Humid","29.05","0","27.30","276825.63","SABD0002000026","AAV2.0.0.13","4.0.0.2353","PSt7-10","221103-017","5/25/2023 1:31:44 PM","0000-00","0","no battery","V","353819","µV","","µV"
"06/13/2023","14:15:52","8","default","139783136","OXY_CH8","32.749","min","77.643","μmol/L","Humid","22.087","deg","143654","µV","29.621","°C","1016.000","hPa","0.0","pmil","0","55.292","deg","20.000","°C","100.000","μmol/L","21.658","deg","20.000","°C","1013.000","hPa","0.825","-0.013","0.000365","-0.00015","0","10","Humid","29.05","0","27.30","276818.02","SABD0002000026","AAV2.0.0.13","4.0.0.2353","PSt7-10","221103-017","5/25/2023 1:31:44 PM","0000-00","0","no battery","V","353819","µV","","µV"
"06/13/2023","14:15:55","8","default","139783136","OXY_CH8","32.799","min","77.640","μmol/L","Humid","22.089","deg","143666","µV","29.615","°C","1016.000","hPa","0.0","pmil","0","55.292","deg","20.000","°C","100.000","μmol/L","21.658","deg","20.000","°C","1013.000","hPa","0.825","-0.013","0.000365","-0.00015","0","10","Humid","29.05","0","27.30","276821.99","SABD0002000026","AAV2.0.0.13","4.0.0.2353","PSt7-10","221103-017","5/25/2023 1:31:44 PM","0000-00","0","no battery","V","353819","µV","","µV"
"06/13/2023","14:15:58","8","default","139783136","OXY_CH8","32.849","min","77.660","μmol/L","Humid","22.086","deg","143679","µV","29.615","°C","1016.000","hPa","0.0","pmil","0","55.292","deg","20.000","°C","100.000","μmol/L","21.658","deg","20.000","°C","1013.000","hPa","0.825","-0.013","0.000365","-0.00015","0","10","Humid","29.05","0","27.30","276813.04","SABD0002000026","AAV2.0.0.13","4.0.0.2353","PSt7-10","221103-017","5/25/2023 1:31:44 PM","0000-00","0","no battery","V","353819","µV","","µV"
"06/13/2023","14:16:01","8","default","139783136","OXY_CH8","32.899","min","77.600","μmol/L","Humid","22.095","deg","143687","µV","29.615","°C","1016.000","hPa","0.0","pmil","0","55.292","deg","20.000","°C","100.000","μmol/L","21.658","deg","20.000","°C","1013.000","hPa","0.825","-0.013","0.000365","-0.00015","0","10","Humid","29.05","0","27.30","276814.95","SABD0002000026","AAV2.0.0.13","4.0.0.2353","PSt7-10","221103-017","5/25/2023 1:31:44 PM","0000-00","0","no battery","V","353819","µV","","µV"
"06/13/2023","14:16:04","8","default","139783136","OXY_CH8","32.949","min","77.596","μmol/L","Humid","22.094","deg","143707","µV","29.621","°C","1016.000","hPa","0.0","pmil","0","55.292","deg","20.000","°C","100.000","μmol/L","21.658","deg","20.000","°C","1013.000","hPa","0.825","-0.013","0.000365","-0.00015","0","10","Humid","29.05","0","27.30","276820.15","SABD0002000026","AAV2.0.0.13","4.0.0.2353","PSt7-10","221103-017","5/25/2023 1:31:44 PM","0000-00","0","no battery","V","353819","µV","","µV"
"06/13/2023","14:16:07","8","default","139783136","OXY_CH8","32.999","min","77.586","μmol/L","Humid","22.097","deg","143724","µV","29.615","°C","1016.000","hPa","0.0","pmil","0","55.292","deg","20.000","°C","100.000","μmol/L","21.658","deg","20.000","°C","1013.000","hPa","0.825","-0.013","0.000365","-0.00015","0","10","Humid","29.05","0","27.30","276822.28","SABD0002000026","AAV2.0.0.13","4.0.0.2353","PSt7-10","221103-017","5/25/2023 1:31:44 PM","0000-00","0","no battery","V","353819","µV","","µV"
"06/13/2023","14:16:10","8","default","139783136","OXY_CH8","33.049","min","77.570","μmol/L","Humid","22.098","deg","143733","µV","29.621","°C","1016.000","hPa","0.0","pmil","0","55.292","deg","20.000","°C","100.000","μmol/L","21.658","deg","20.000","°C","1013.000","hPa","0.825","-0.013","0.000365","-0.00015","0","10","Humid","29.05","0","27.30","276810.56","SABD0002000026","AAV2.0.0.13","4.0.0.2353","PSt7-10","221103-017","5/25/2023 1:31:44 PM","0000-00","0","no battery","V","353819","µV","","µV"
"06/13/2023","14:16:13","8","default","139783136","OXY_CH8","33.099","min","77.547","μmol/L","Humid","22.103","deg","143752","µV","29.615","°C","1016.000","hPa","0.0","pmil","0","55.292","deg","20.000","°C","100.000","μmol/L","21.658","deg","20.000","°C","1013.000","hPa","0.825","-0.013","0.000365","-0.00015","0","10","Humid","29.05","0","27.30","276807.67","SABD0002000026","AAV2.0.0.13","4.0.0.2353","PSt7-10","221103-017","5/25/2023 1:31:44 PM","0000-00","0","no battery","V","353819","µV","","µV"
"06/13/2023","14:16:16","8","default","139783136","OXY_CH8","33.149","min","77.557","μmol/L","Humid","22.103","deg","143772","µV","29.609","°C","1016.000","hPa","0.0","pmil","0","55.292","deg","20.000","°C","100.000","μmol/L","21.658","deg","20.000","°C","1013.000","hPa","0.825","-0.013","0.000365","-0.00015","0","10","Humid","29.05","0","27.30","276820.65","SABD0002000026","AAV2.0.0.13","4.0.0.2353","PSt7-10","221103-017","5/25/2023 1:31:44 PM","0000-00","0","no battery","V","353819","µV","","µV"
"06/13/2023","14:16:19","8","default","139783136","OXY_CH8","33.199","min","77.550","μmol/L","Humid","22.104","deg","143773","µV","29.609","°C","1016.000","hPa","0.0","pmil","0","55.292","deg","20.000","°C","100.000","μmol/L","21.658","deg","20.000","°C","1013.000","hPa","0.825","-0.013","0.000365","-0.00015","0","10","Humid","29.05","0","27.30","276799.59","SABD0002000026","AAV2.0.0.13","4.0.0.2353","PSt7-10","221103-017","5/25/2023 1:31:44 PM","0000-00","0","no battery","V","353819","µV","","µV"
"06/13/2023","14:16:22","8","default","139783136","OXY_CH8","33.249","min","77.537","μmol/L","Humid","22.106","deg","143793","µV","29.609","°C","1016.000","hPa","0.0","pmil","0","55.292","deg","20.000","°C","100.000","μmol/L","21.658","deg","20.000","°C","1013.000","hPa","0.825","-0.013","0.000365","-0.00015","0","10","Humid","29.05","0","27.30","276797.31","SABD0002000026","AAV2.0.0.13","4.0.0.2353","PSt7-10","221103-017","5/25/2023 1:31:44 PM","0000-00","0","no battery","V","353819","µV","","µV"
"06/13/2023","14:16:25","8","default","139783136","OXY_CH8","33.299","min","77.480","μmol/L","Humid","22.113","deg","143805","µV","29.615","°C","1016.000","hPa","0.0","pmil","0","55.292","deg","20.000","°C","100.000","μmol/L","21.658","deg","20.000","°C","1013.000","hPa","0.825","-0.013","0.000365","-0.00015","0","10","Humid","29.05","0","27.30","276801.19","SABD0002000026","AAV2.0.0.13","4.0.0.2353","PSt7-10","221103-017","5/25/2023 1:31:44 PM","0000-00","0","no battery","V","353819","µV","","µV"
"06/13/2023","14:16:28","8","default","139783136","OXY_CH8","33.349","min","77.520","μmol/L","Humid","22.110","deg","143810","µV","29.603","°C","1016.000","hPa","0.0","pmil","0","55.292","deg","20.000","°C","100.000","μmol/L","21.658","deg","20.000","°C","1013.000","hPa","0.825","-0.013","0.000365","-0.00015","0","10","Humid","29.05","0","27.30","276795.81","SABD0002000026","AAV2.0.0.13","4.0.0.2353","PSt7-10","221103-017","5/25/2023 1:31:44 PM","0000-00","0","no battery","V","353819","µV","","µV"
"06/13/2023","14:16:31","8","default","139783136","OXY_CH8","33.399","min","77.477","μmol/L","Humid","22.115","deg","143837","µV","29.609","°C","1016.000","hPa","0.0","pmil","0","55.292","deg","20.000","°C","100.000","μmol/L","21.658","deg","20.000","°C","1013.000","hPa","0.825","-0.013","0.000365","-0.00015","0","10","Humid","29.05","0","27.30","276801.35","SABD0002000026","AAV2.0.0.13","4.0.0.2353","PSt7-10","221103-017","5/25/2023 1:31:44 PM","0000-00","0","no battery","V","353819","µV","","µV"
"06/13/2023","14:16:34","8","default","139783136","OXY_CH8","33.449","min","77.480","μmol/L","Humid","22.115","deg","143852","µV","29.609","°C","1017.000","hPa","0.0","pmil","0","55.292","deg","20.000","°C","100.000","μmol/L","21.658","deg","20.000","°C","1013.000","hPa","0.825","-0.013","0.000365","-0.00015","0","10","Humid","29.05","0","27.30","276803.48","SABD0002000026","AAV2.0.0.13","4.0.0.2353","PSt7-10","221103-017","5/25/2023 1:31:44 PM","0000-00","0","no battery","V","353819","µV","","µV"
"06/13/2023","14:16:37","8","default","139783136","OXY_CH8","33.499","min","77.460","μmol/L","Humid","22.119","deg","143854","µV","29.603","°C","1016.000","hPa","0.0","pmil","0","55.292","deg","20.000","°C","100.000","μmol/L","21.658","deg","20.000","°C","1013.000","hPa","0.825","-0.013","0.000365","-0.00015","0","10","Humid","29.05","0","27.30","276785.74","SABD0002000026","AAV2.0.0.13","4.0.0.2353","PSt7-10","221103-017","5/25/2023 1:31:44 PM","0000-00","0","no battery","V","353819","µV","","µV"
"06/13/2023","14:16:40","8","default","139783136","OXY_CH8","33.549","min","77.443","μmol/L","Humid","22.120","deg","143870","µV","29.609","°C","1016.000","hPa","0.0","pmil","0","55.292","deg","20.000","°C","100.000","μmol/L","21.658","deg","20.000","°C","1013.000","hPa","0.825","-0.013","0.000365","-0.00015","0","10","Humid","29.05","0","27.30","276790.59","SABD0002000026","AAV2.0.0.13","4.0.0.2353","PSt7-10","221103-017","5/25/2023 1:31:44 PM","0000-00","0","no battery","V","353819","µV","","µV"
"06/13/2023","14:16:43","8","default","139783136","OXY_CH8","33.599","min","77.454","μmol/L","Humid","22.120","deg","143884","µV","29.603","°C","1016.000","hPa","0.0","pmil","0","55.292","deg","20.000","°C","100.000","μmol/L","21.658","deg","20.000","°C","1013.000","hPa","0.825","-0.013","0.000365","-0.00015","0","10","Humid","29.05","0","27.30","276798.38","SABD0002000026","AAV2.0.0.13","4.0.0.2353","PSt7-10","221103-017","5/25/2023 1:31:44 PM","0000-00","0","no battery","V","353819","µV","","µV"
"06/13/2023","14:16:46","8","default","139783136","OXY_CH8","33.649","min","77.387","μmol/L","Humid","22.127","deg","143906","µV","29.615","°C","1016.000","hPa","0.0","pmil","0","55.292","deg","20.000","°C","100.000","μmol/L","21.658","deg","20.000","°C","1013.000","hPa","0.825","-0.013","0.000365","-0.00015","0","10","Humid","29.05","0","27.30","276798.49","SABD0002000026","AAV2.0.0.13","4.0.0.2353","PSt7-10","221103-017","5/25/2023 1:31:44 PM","0000-00","0","no battery","V","353819","µV","","µV"
"06/13/2023","14:16:49","8","default","139783136","OXY_CH8","33.699","min","77.424","μmol/L","Humid","22.125","deg","143912","µV","29.603","°C","1017.000","hPa","0.0","pmil","0","55.292","deg","20.000","°C","100.000","μmol/L","21.658","deg","20.000","°C","1013.000","hPa","0.825","-0.013","0.000365","-0.00015","0","10","Humid","29.05","0","27.30","276784.31","SABD0002000026","AAV2.0.0.13","4.0.0.2353","PSt7-10","221103-017","5/25/2023 1:31:44 PM","0000-00","0","no battery","V","353819","µV","","µV"
"06/13/2023","14:16:52","8","default","139783136","OXY_CH8","33.749","min","77.394","μmol/L","Humid","22.129","deg","143931","µV","29.603","°C","1016.000","hPa","0.0","pmil","0","55.292","deg","20.000","°C","100.000","μmol/L","21.658","deg","20.000","°C","1013.000","hPa","0.825","-0.013","0.000365","-0.00015","0","10","Humid","29.05","0","27.30","276793.61","SABD0002000026","AAV2.0.0.13","4.0.0.2353","PSt7-10","221103-017","5/25/2023 1:31:44 PM","0000-00","0","no battery","V","353819","µV","","µV"
"06/13/2023","14:16:55","8","default","139783136","OXY_CH8","33.799","min","77.361","μmol/L","Humid","22.134","deg","143937","µV","29.603","°C","1016.000","hPa","0.0","pmil","0","55.292","deg","20.000","°C","100.000","μmol/L","21.658","deg","20.000","°C","1013.000","hPa","0.825","-0.013","0.000365","-0.00015","0","10","Humid","29.05","0","27.30","276779.49","SABD0002000026","AAV2.0.0.13","4.0.0.2353","PSt7-10","221103-017","5/25/2023 1:31:44 PM","0000-00","0","no battery","V","353819","µV","","µV"
"06/13/2023","14:16:58","8","default","139783136","OXY_CH8","33.849","min","77.361","μmol/L","Humid","22.134","deg","143956","µV","29.603","°C","1016.000","hPa","0.0","pmil","0","55.292","deg","20.000","°C","100.000","μmol/L","21.658","deg","20.000","°C","1013.000","hPa","0.825","-0.013","0.000365","-0.00015","0","10","Humid","29.05","0","27.30","276793.13","SABD0002000026","AAV2.0.0.13","4.0.0.2353","PSt7-10","221103-017","5/25/2023 1:31:44 PM","0000-00","0","no battery","V","353819","µV","","µV"
"06/13/2023","14:17:01","8","default","139783136","OXY_CH8","33.899","min","77.341","μmol/L","Humid","22.137","deg","143962","µV","29.603","°C","1016.000","hPa","0.0","pmil","0","55.292","deg","20.000","°C","100.000","μmol/L","21.658","deg","20.000","°C","1013.000","hPa","0.825","-0.013","0.000365","-0.00015","0","10","Humid","29.05","0","27.30","276786.00","SABD0002000026","AAV2.0.0.13","4.0.0.2353","PSt7-10","221103-017","5/25/2023 1:31:44 PM","0000-00","0","no battery","V","353819","µV","","µV"
"06/13/2023","14:17:04","8","default","139783136","OXY_CH8","33.949","min","77.351","μmol/L","Humid","22.137","deg","143983","µV","29.597","°C","1016.000","hPa","0.0","pmil","0","55.292","deg","20.000","°C","100.000","μmol/L","21.658","deg","20.000","°C","1013.000","hPa","0.825","-0.013","0.000365","-0.00015","0","10","Humid","29.05","0","27.30","276790.89","SABD0002000026","AAV2.0.0.13","4.0.0.2353","PSt7-10","221103-017","5/25/2023 1:31:44 PM","0000-00","0","no battery","V","353819","µV","","µV"
"06/13/2023","14:17:07","8","default","139783136","OXY_CH8","33.999","min","77.334","μmol/L","Humid","22.138","deg","144002","µV","29.603","°C","1016.000","hPa","0.0","pmil","0","55.292","deg","20.000","°C","100.000","μmol/L","21.658","deg","20.000","°C","1013.000","hPa","0.825","-0.013","0.000365","-0.00015","0","10","Humid","29.05","0","27.30","276786.94","SABD0002000026","AAV2.0.0.13","4.0.0.2353","PSt7-10","221103-017","5/25/2023 1:31:44 PM","0000-00","0","no battery","V","353819","µV","","µV"
"06/13/2023","14:17:10","8","default","139783136","OXY_CH8","34.049","min","77.311","μmol/L","Humid","22.143","deg","144013","µV","29.597","°C","1016.000","hPa","0.0","pmil","0","55.292","deg","20.000","°C","100.000","μmol/L","21.658","deg","20.000","°C","1013.000","hPa","0.825","-0.013","0.000365","-0.00015","0","10","Humid","29.05","0","27.30","276794.84","SABD0002000026","AAV2.0.0.13","4.0.0.2353","PSt7-10","221103-017","5/25/2023 1:31:44 PM","0000-00","0","no battery","V","353819","µV","","µV"
"06/13/2023","14:17:13","8","default","139783136","OXY_CH8","34.099","min","77.311","μmol/L","Humid","22.143","deg","144020","µV","29.597","°C","1016.000","hPa","0.0","pmil","0","55.292","deg","20.000","°C","100.000","μmol/L","21.658","deg","20.000","°C","1013.000","hPa","0.825","-0.013","0.000365","-0.00015","0","10","Humid","29.05","0","27.30","276790.11","SABD0002000026","AAV2.0.0.13","4.0.0.2353","PSt7-10","221103-017","5/25/2023 1:31:44 PM","0000-00","0","no battery","V","353819","µV","","µV"
"06/13/2023","14:17:16","8","default","139783136","OXY_CH8","34.149","min","77.291","μmol/L","Humid","22.146","deg","144040","µV","29.597","°C","1016.000","hPa","0.0","pmil","0","55.292","deg","20.000","°C","100.000","μmol/L","21.658","deg","20.000","°C","1013.000","hPa","0.825","-0.013","0.000365","-0.00015","0","10","Humid","29.05","0","27.30","276793.00","SABD0002000026","AAV2.0.0.13","4.0.0.2353","PSt7-10","221103-017","5/25/2023 1:31:44 PM","0000-00","0","no battery","V","353819","µV","","µV"
"06/13/2023","14:17:19","8","default","139783136","OXY_CH8","34.199","min","77.284","μmol/L","Humid","22.147","deg","144052","µV","29.597","°C","1016.000","hPa","0.0","pmil","0","55.292","deg","20.000","°C","100.000","μmol/L","21.658","deg","20.000","°C","1013.000","hPa","0.825","-0.013","0.000365","-0.00015","0","10","Humid","29.05","0","27.30","276793.08","SABD0002000026","AAV2.0.0.13","4.0.0.2353","PSt7-10","221103-017","5/25/2023 1:31:44 PM","0000-00","0","no battery","V","353819","µV","","µV"
"06/13/2023","14:17:22","8","default","139783136","OXY_CH8","34.249","min","77.271","μmol/L","Humid","22.149","deg","144069","µV","29.597","°C","1016.000","hPa","0.0","pmil","0","55.292","deg","20.000","°C","100.000","μmol/L","21.658","deg","20.000","°C","1013.000","hPa","0.825","-0.013","0.000365","-0.00015","0","10","Humid","29.05","0","27.30","276793.44","SABD0002000026","AAV2.0.0.13","4.0.0.2353","PSt7-10","221103-017","5/25/2023 1:31:44 PM","0000-00","0","no battery","V","353819","µV","","µV"
"06/13/2023","14:17:25","8","default","139783136","OXY_CH8","34.299","min","77.251","μmol/L","Humid","22.152","deg","144080","µV","29.597","°C","1016.000","hPa","0.0","pmil","0","55.292","deg","20.000","°C","100.000","μmol/L","21.658","deg","20.000","°C","1013.000","hPa","0.825","-0.013","0.000365","-0.00015","0","10","Humid","29.05","0","27.30","276787.06","SABD0002000026","AAV2.0.0.13","4.0.0.2353","PSt7-10","221103-017","5/25/2023 1:31:44 PM","0000-00","0","no battery","V","353819","µV","","µV"
"06/13/2023","14:17:28","8","default","139783136","OXY_CH8","34.349","min","77.231","μmol/L","Humid","22.155","deg","144096","µV","29.597","°C","1016.000","hPa","0.0","pmil","0","55.292","deg","20.000","°C","100.000","μmol/L","21.658","deg","20.000","°C","1013.000","hPa","0.825","-0.013","0.000365","-0.00015","0","10","Humid","29.05","0","27.30","276786.29","SABD0002000026","AAV2.0.0.13","4.0.0.2353","PSt7-10","221103-017","5/25/2023 1:31:44 PM","0000-00","0","no battery","V","353819","µV","","µV"
"06/13/2023","14:17:31","8","default","139783136","OXY_CH8","34.399","min","77.208","μmol/L","Humid","22.160","deg","144107","µV","29.591","°C","1016.000","hPa","0.0","pmil","0","55.292","deg","20.000","°C","100.000","μmol/L","21.658","deg","20.000","°C","1013.000","hPa","0.825","-0.013","0.000365","-0.00015","0","10","Humid","29.05","0","27.30","276789.62","SABD0002000026","AAV2.0.0.13","4.0.0.2353","PSt7-10","221103-017","5/25/2023 1:31:44 PM","0000-00","0","no battery","V","353819","µV","","µV"
"06/13/2023","14:17:34","8","default","139783136","OXY_CH8","34.449","min","77.221","μmol/L","Humid","22.158","deg","144117","µV","29.591","°C","1016.000","hPa","0.0","pmil","0","55.292","deg","20.000","°C","100.000","μmol/L","21.658","deg","20.000","°C","1013.000","hPa","0.825","-0.013","0.000365","-0.00015","0","10","Humid","29.05","0","27.30","276775.54","SABD0002000026","AAV2.0.0.13","4.0.0.2353","PSt7-10","221103-017","5/25/2023 1:31:44 PM","0000-00","0","no battery","V","353819","µV","","µV"
"06/13/2023","14:17:37","8","default","139783136","OXY_CH8","34.499","min","77.245","μmol/L","Humid","22.156","deg","144127","µV","29.585","°C","1016.000","hPa","0.0","pmil","0","55.292","deg","20.000","°C","100.000","μmol/L","21.658","deg","20.000","°C","1013.000","hPa","0.825","-0.013","0.000365","-0.00015","0","10","Humid","29.05","0","27.30","276767.90","SABD0002000026","AAV2.0.0.13","4.0.0.2353","PSt7-10","221103-017","5/25/2023 1:31:44 PM","0000-00","0","no battery","V","353819","µV","","µV"
"06/13/2023","14:17:40","8","default","139783136","OXY_CH8","34.549","min","77.205","μmol/L","Humid","22.161","deg","144155","µV","29.591","°C","1017.000","hPa","0.0","pmil","0","55.292","deg","20.000","°C","100.000","μmol/L","21.658","deg","20.000","°C","1013.000","hPa","0.825","-0.013","0.000365","-0.00015","0","10","Humid","29.05","0","27.30","276789.97","SABD0002000026","AAV2.0.0.13","4.0.0.2353","PSt7-10","221103-017","5/25/2023 1:31:44 PM","0000-00","0","no battery","V","353819","µV","","µV"
"06/13/2023","14:17:43","8","default","139783136","OXY_CH8","34.599","min","77.185","μmol/L","Humid","22.164","deg","144156","µV","29.591","°C","1017.000","hPa","0.0","pmil","0","55.292","deg","20.000","°C","100.000","μmol/L","21.658","deg","20.000","°C","1013.000","hPa","0.825","-0.013","0.000365","-0.00015","0","10","Humid","29.05","0","27.30","276778.07","SABD0002000026","AAV2.0.0.13","4.0.0.2353","PSt7-10","221103-017","5/25/2023 1:31:44 PM","0000-00","0","no battery","V","353819","µV","","µV"
"06/13/2023","14:17:46","8","default","139783136","OXY_CH8","34.649","min","77.188","μmol/L","Humid","22.163","deg","144174","µV","29.591","°C","1016.000","hPa","0.0","pmil","0","55.292","deg","20.000","°C","100.000","μmol/L","21.658","deg","20.000","°C","1013.000","hPa","0.825","-0.013","0.000365","-0.00015","0","10","Humid","29.05","0","27.30","276771.22","SABD0002000026","AAV2.0.0.13","4.0.0.2353","PSt7-10","221103-017","5/25/2023 1:31:44 PM","0000-00","0","no battery","V","353819","µV","","µV"
"06/13/2023","14:17:49","8","default","139783136","OXY_CH8","34.699","min","77.165","μmol/L","Humid","22.167","deg","144202","µV","29.591","°C","1017.000","hPa","0.0","pmil","0","55.292","deg","20.000","°C","100.000","μmol/L","21.658","deg","20.000","°C","1013.000","hPa","0.825","-0.013","0.000365","-0.00015","0","10","Humid","29.05","0","27.30","276791.82","SABD0002000026","AAV2.0.0.13","4.0.0.2353","PSt7-10","221103-017","5/25/2023 1:31:44 PM","0000-00","0","no battery","V","353819","µV","","µV"
"06/13/2023","14:17:52","8","default","139783136","OXY_CH8","34.749","min","77.155","μmol/L","Humid","22.170","deg","144198","µV","29.585","°C","1017.000","hPa","0.0","pmil","0","55.292","deg","20.000","°C","100.000","μmol/L","21.658","deg","20.000","°C","1013.000","hPa","0.825","-0.013","0.000365","-0.00015","0","10","Humid","29.05","0","27.30","276756.85","SABD0002000026","AAV2.0.0.13","4.0.0.2353","PSt7-10","221103-017","5/25/2023 1:31:44 PM","0000-00","0","no battery","V","353819","µV","","µV"
"06/13/2023","14:17:55","8","default","139783136","OXY_CH8","34.799","min","77.126","μmol/L","Humid","22.176","deg","144214","µV","29.578","°C","1017.000","hPa","0.0","pmil","0","55.292","deg","20.000","°C","100.000","μmol/L","21.658","deg","20.000","°C","1013.000","hPa","0.825","-0.013","0.000365","-0.00015","0","10","Humid","29.05","0","27.30","276780.02","SABD0002000026","AAV2.0.0.13","4.0.0.2353","PSt7-10","221103-017","5/25/2023 1:31:44 PM","0000-00","0","no battery","V","353819","µV","","µV"
"06/13/2023","14:17:58","8","default","139783136","OXY_CH8","34.849","min","77.119","μmol/L","Humid","22.175","deg","144228","µV","29.585","°C","1016.000","hPa","0.0","pmil","0","55.292","deg","20.000","°C","100.000","μmol/L","21.658","deg","20.000","°C","1013.000","hPa","0.825","-0.013","0.000365","-0.00015","0","10","Humid","29.05","0","27.30","276776.44","SABD0002000026","AAV2.0.0.13","4.0.0.2353","PSt7-10","221103-017","5/25/2023 1:31:44 PM","0000-00","0","no battery","V","353819","µV","","µV"
"06/13/2023","14:18:01","8","default","139783136","OXY_CH8","34.899","min","77.102","μmol/L","Humid","22.178","deg","144240","µV","29.585","°C","1017.000","hPa","0.0","pmil","0","55.292","deg","20.000","°C","100.000","μmol/L","21.658","deg","20.000","°C","1013.000","hPa","0.825","-0.013","0.000365","-0.00015","0","10","Humid","29.05","0","27.30","276783.45","SABD0002000026","AAV2.0.0.13","4.0.0.2353","PSt7-10","221103-017","5/25/2023 1:31:44 PM","0000-00","0","no battery","V","353819","µV","","µV"
"06/13/2023","14:18:04","8","default","139783136","OXY_CH8","34.949","min","77.089","μmol/L","Humid","22.178","deg","144260","µV","29.591","°C","1016.000","hPa","0.0","pmil","0","55.292","deg","20.000","°C","100.000","μmol/L","21.658","deg","20.000","°C","1013.000","hPa","0.825","-0.013","0.000365","-0.00015","0","10","Humid","29.05","0","27.30","276778.74","SABD0002000026","AAV2.0.0.13","4.0.0.2353","PSt7-10","221103-017","5/25/2023 1:31:44 PM","0000-00","0","no battery","V","353819","µV","","µV"
"06/13/2023","14:18:07","8","default","139783136","OXY_CH8","34.999","min","77.076","μmol/L","Humid","22.182","deg","144274","µV","29.585","°C","1017.000","hPa","0.0","pmil","0","55.292","deg","20.000","°C","100.000","μmol/L","21.658","deg","20.000","°C","1013.000","hPa","0.825","-0.013","0.000365","-0.00015","0","10","Humid","29.05","0","27.30","276782.51","SABD0002000026","AAV2.0.0.13","4.0.0.2353","PSt7-10","221103-017","5/25/2023 1:31:44 PM","0000-00","0","no battery","V","353819","µV","","µV"
"06/13/2023","14:18:10","8","default","139783136","OXY_CH8","35.049","min","77.070","μmol/L","Humid","22.184","deg","144283","µV","29.578","°C","1016.000","hPa","0.0","pmil","0","55.292","deg","20.000","°C","100.000","μmol/L","21.658","deg","20.000","°C","1013.000","hPa","0.825","-0.013","0.000365","-0.00015","0","10","Humid","29.05","0","27.30","276772.28","SABD0002000026","AAV2.0.0.13","4.0.0.2353","PSt7-10","221103-017","5/25/2023 1:31:44 PM","0000-00","0","no battery","V","353819","µV","","µV"
"06/13/2023","14:18:13","8","default","139783136","OXY_CH8","35.099","min","77.053","μmol/L","Humid","22.185","deg","144292","µV","29.585","°C","1016.000","hPa","0.0","pmil","0","55.292","deg","20.000","°C","100.000","μmol/L","21.658","deg","20.000","°C","1013.000","hPa","0.825","-0.013","0.000365","-0.00015","0","10","Humid","29.05","0","27.30","276764.87","SABD0002000026","AAV2.0.0.13","4.0.0.2353","PSt7-10","221103-017","5/25/2023 1:31:44 PM","0000-00","0","no battery","V","353819","µV","","µV"
"06/13/2023","14:18:16","8","default","139783136","OXY_CH8","35.149","min","77.046","μmol/L","Humid","22.186","deg","144307","µV","29.585","°C","1016.000","hPa","0.0","pmil","0","55.292","deg","20.000","°C","100.000","μmol/L","21.658","deg","20.000","°C","1013.000","hPa","0.825","-0.013","0.000365","-0.00015","0","10","Humid","29.05","0","27.30","276766.39","SABD0002000026","AAV2.0.0.13","4.0.0.2353","PSt7-10","221103-017","5/25/2023 1:31:44 PM","0000-00","0","no battery","V","353819","µV","","µV"
"06/13/2023","14:18:19","8","default","139783136","OXY_CH8","35.199","min","77.020","μmol/L","Humid","22.193","deg","144312","µV","29.572","°C","1016.000","hPa","0.0","pmil","0","55.292","deg","20.000","°C","100.000","μmol/L","21.658","deg","20.000","°C","1013.000","hPa","0.825","-0.013","0.000365","-0.00015","0","10","Humid","29.05","0","27.30","276762.79","SABD0002000026","AAV2.0.0.13","4.0.0.2353","PSt7-10","221103-017","5/25/2023 1:31:44 PM","0000-00","0","no battery","V","353819","µV","","µV"
"06/13/2023","14:18:22","8","default","139783136","OXY_CH8","35.249","min","77.047","μmol/L","Humid","22.189","deg","144331","µV","29.572","°C","1016.000","hPa","0.0","pmil","0","55.292","deg","20.000","°C","100.000","μmol/L","21.658","deg","20.000","°C","1013.000","hPa","0.825","-0.013","0.000365","-0.00015","0","10","Humid","29.05","0","27.30","276760.57","SABD0002000026","AAV2.0.0.13","4.0.0.2353","PSt7-10","221103-017","5/25/2023 1:31:44 PM","0000-00","0","no battery","V","353819","µV","","µV"
"06/13/2023","14:18:25","8","default","139783136","OXY_CH8","35.299","min","77.020","μmol/L","Humid","22.193","deg","144351","µV","29.572","°C","1016.000","hPa","0.0","pmil","0","55.292","deg","20.000","°C","100.000","μmol/L","21.658","deg","20.000","°C","1013.000","hPa","0.825","-0.013","0.000365","-0.00015","0","10","Humid","29.05","0","27.30","276746.84","SABD0002000026","AAV2.0.0.13","4.0.0.2353","PSt7-10","221103-017","5/25/2023 1:31:44 PM","0000-00","0","no battery","V","353819","µV","","µV"
"06/13/2023","14:18:28","8","default","139783136","OXY_CH8","35.349","min","77.023","μmol/L","Humid","22.193","deg","144362","µV","29.572","°C","1017.000","hPa","0.0","pmil","0","55.292","deg","20.000","°C","100.000","μmol/L","21.658","deg","20.000","°C","1013.000","hPa","0.825","-0.013","0.000365","-0.00015","0","10","Humid","29.05","0","27.30","276767.83","SABD0002000026","AAV2.0.0.13","4.0.0.2353","PSt7-10","221103-017","5/25/2023 1:31:44 PM","0000-00","0","no battery","V","353819","µV","","µV"
"06/13/2023","14:18:31","8","default","139783136","OXY_CH8","35.399","min","76.990","μmol/L","Humid","22.196","deg","144378","µV","29.578","°C","1016.000","hPa","0.0","pmil","0","55.292","deg","20.000","°C","100.000","μmol/L","21.658","deg","20.000","°C","1013.000","hPa","0.825","-0.013","0.000365","-0.00015","0","10","Humid","29.05","0","27.30","276773.18","SABD0002000026","AAV2.0.0.13","4.0.0.2353","PSt7-10","221103-017","5/25/2023 1:31:44 PM","0000-00","0","no battery","V","353819","µV","","µV"
"06/13/2023","14:18:34","8","default","139783136","OXY_CH8","35.448","min","76.954","μmol/L","Humid","22.200","deg","144400","µV","29.585","°C","1016.000","hPa","0.0","pmil","0","55.292","deg","20.000","°C","100.000","μmol/L","21.658","deg","20.000","°C","1013.000","hPa","0.825","-0.013","0.000365","-0.00015","0","10","Humid","29.05","0","27.30","276764.89","SABD0002000026","AAV2.0.0.13","4.0.0.2353","PSt7-10","221103-017","5/25/2023 1:31:44 PM","0000-00","0","no battery","V","353819","µV","","µV"
"06/13/2023","14:18:37","8","default","139783136","OXY_CH8","35.499","min","76.921","μmol/L","Humid","22.205","deg","144406","µV","29.585","°C","1016.000","hPa","0.0","pmil","0","55.292","deg","20.000","°C","100.000","μmol/L","21.658","deg","20.000","°C","1013.000","hPa","0.825","-0.013","0.000365","-0.00015","0","10","Humid","29.05","0","27.30","276767.69","SABD0002000026","AAV2.0.0.13","4.0.0.2353","PSt7-10","221103-017","5/25/2023 1:31:44 PM","0000-00","0","no battery","V","353819","µV","","µV"
"06/13/2023","14:18:40","8","default","139783136","OXY_CH8","35.549","min","76.931","μmol/L","Humid","22.205","deg","144425","µV","29.578","°C","1016.000","hPa","0.0","pmil","0","55.292","deg","20.000","°C","100.000","μmol/L","21.658","deg","20.000","°C","1013.000","hPa","0.825","-0.013","0.000365","-0.00015","0","10","Humid","29.05","0","27.30","276760.18","SABD0002000026","AAV2.0.0.13","4.0.0.2353","PSt7-10","221103-017","5/25/2023 1:31:44 PM","0000-00","0","no battery","V","353819","µV","","µV"
"06/13/2023","14:18:43","8","default","139783136","OXY_CH8","35.599","min","76.938","μmol/L","Humid","22.207","deg","144438","µV","29.566","°C","1016.000","hPa","0.0","pmil","0","55.292","deg","20.000","°C","100.000","μmol/L","21.658","deg","20.000","°C","1013.000","hPa","0.825","-0.013","0.000365","-0.00015","0","10","Humid","29.05","0","27.30","276759.72","SABD0002000026","AAV2.0.0.13","4.0.0.2353","PSt7-10","221103-017","5/25/2023 1:31:44 PM","0000-00","0","no battery","V","353819","µV","","µV"
"06/13/2023","14:18:46","8","default","139783136","OXY_CH8","35.649","min","76.934","μmol/L","Humid","22.206","deg","144455","µV","29.572","°C","1016.000","hPa","0.0","pmil","0","55.292","deg","20.000","°C","100.000","μmol/L","21.658","deg","20.000","°C","1013.000","hPa","0.825","-0.013","0.000365","-0.00015","0","10","Humid","29.05","0","27.30","276746.42","SABD0002000026","AAV2.0.0.13","4.0.0.2353","PSt7-10","221103-017","5/25/2023 1:31:44 PM","0000-00","0","no battery","V","353819","µV","","µV"
"06/13/2023","14:18:49","8","default","139783136","OXY_CH8","35.699","min","76.898","μmol/L","Humid","22.213","deg","144461","µV","29.566","°C","1016.000","hPa","0.0","pmil","0","55.292","deg","20.000","°C","100.000","μmol/L","21.658","deg","20.000","°C","1013.000","hPa","0.825","-0.013","0.000365","-0.00015","0","10","Humid","29.05","0","27.30","276749.45","SABD0002000026","AAV2.0.0.13","4.0.0.2353","PSt7-10","221103-017","5/25/2023 1:31:44 PM","0000-00","0","no battery","V","353819","µV","","µV"
"06/13/2023","14:18:52","8","default","139783136","OXY_CH8","35.749","min","76.928","μmol/L","Humid","22.210","deg","144480","µV","29.560","°C","1016.000","hPa","0.0","pmil","0","55.292","deg","20.000","°C","100.000","μmol/L","21.658","deg","20.000","°C","1013.000","hPa","0.825","-0.013","0.000365","-0.00015","0","10","Humid","29.05","0","27.30","276760.40","SABD0002000026","AAV2.0.0.13","4.0.0.2353","PSt7-10","221103-017","5/25/2023 1:31:44 PM","0000-00","0","no battery","V","353819","µV","","µV"
"06/13/2023","14:18:55","8","default","139783136","OXY_CH8","35.799","min","76.908","μmol/L","Humid","22.213","deg","144493","µV","29.560","°C","1016.000","hPa","0.0","pmil","0","55.292","deg","20.000","°C","100.000","μmol/L","21.658","deg","20.000","°C","1013.000","hPa","0.825","-0.013","0.000365","-0.00015","0","10","Humid","29.05","0","27.30","276760.56","SABD0002000026","AAV2.0.0.13","4.0.0.2353","PSt7-10","221103-017","5/25/2023 1:31:44 PM","0000-00","0","no battery","V","353819","µV","","µV"
"06/13/2023","14:18:58","8","default","139783136","OXY_CH8","35.849","min","76.872","μmol/L","Humid","22.217","deg","144504","µV","29.566","°C","1016.000","hPa","0.0","pmil","0","55.292","deg","20.000","°C","100.000","μmol/L","21.658","deg","20.000","°C","1013.000","hPa","0.825","-0.013","0.000365","-0.00015","0","10","Humid","29.05","0","27.30","276761.33","SABD0002000026","AAV2.0.0.13","4.0.0.2353","PSt7-10","221103-017","5/25/2023 1:31:44 PM","0000-00","0","no battery","V","353819","µV","","µV"
"06/13/2023","14:19:01","8","default","139783136","OXY_CH8","35.899","min","76.859","μmol/L","Humid","22.219","deg","144514","µV","29.566","°C","1016.000","hPa","0.0","pmil","0","55.292","deg","20.000","°C","100.000","μmol/L","21.658","deg","20.000","°C","1013.000","hPa","0.825","-0.013","0.000365","-0.00015","0","10","Humid","29.05","0","27.30","276748.67","SABD0002000026","AAV2.0.0.13","4.0.0.2353","PSt7-10","221103-017","5/25/2023 1:31:44 PM","0000-00","0","no battery","V","353819","µV","","µV"
"06/13/2023","14:19:04","8","default","139783136","OXY_CH8","35.949","min","76.845","μmol/L","Humid","22.221","deg","144523","µV","29.566","°C","1016.000","hPa","0.0","pmil","0","55.292","deg","20.000","°C","100.000","μmol/L","21.658","deg","20.000","°C","1013.000","hPa","0.825","-0.013","0.000365","-0.00015","0","10","Humid","29.05","0","27.30","276738.80","SABD0002000026","AAV2.0.0.13","4.0.0.2353","PSt7-10","221103-017","5/25/2023 1:31:44 PM","0000-00","0","no battery","V","353819","µV","","µV"
"06/13/2023","14:19:07","8","default","139783136","OXY_CH8","35.999","min","76.855","μmol/L","Humid","22.221","deg","144539","µV","29.560","°C","1016.000","hPa","0.0","pmil","0","55.292","deg","20.000","°C","100.000","μmol/L","21.658","deg","20.000","°C","1013.000","hPa","0.825","-0.013","0.000365","-0.00015","0","10","Humid","29.05","0","27.30","276751.88","SABD0002000026","AAV2.0.0.13","4.0.0.2353","PSt7-10","221103-017","5/25/2023 1:31:44 PM","0000-00","0","no battery","V","353819","µV","","µV"
"06/13/2023","14:19:10","8","default","139783136","OXY_CH8","36.049","min","76.829","μmol/L","Humid","22.225","deg","144551","µV","29.560","°C","1016.000","hPa","0.0","pmil","0","55.292","deg","20.000","°C","100.000","μmol/L","21.658","deg","20.000","°C","1013.000","hPa","0.825","-0.013","0.000365","-0.00015","0","10","Humid","29.05","0","27.30","276740.65","SABD0002000026","AAV2.0.0.13","4.0.0.2353","PSt7-10","221103-017","5/25/2023 1:31:44 PM","0000-00","0","no battery","V","353819","µV","","µV"
"06/13/2023","14:19:13","8","default","139783136","OXY_CH8","36.099","min","76.813","μmol/L","Humid","22.226","deg","144555","µV","29.566","°C","1016.000","hPa","0.0","pmil","0","55.292","deg","20.000","°C","100.000","μmol/L","21.658","deg","20.000","°C","1013.000","hPa","0.825","-0.013","0.000365","-0.00015","0","10","Humid","29.05","0","27.30","276733.97","SABD0002000026","AAV2.0.0.13","4.0.0.2353","PSt7-10","221103-017","5/25/2023 1:31:44 PM","0000-00","0","no battery","V","353819","µV","","µV"
"06/13/2023","14:19:16","8","default","139783136","OXY_CH8","36.149","min","76.806","μmol/L","Humid","22.227","deg","144584","µV","29.566","°C","1016.000","hPa","0.0","pmil","0","55.292","deg","20.000","°C","100.000","μmol/L","21.658","deg","20.000","°C","1013.000","hPa","0.825","-0.013","0.000365","-0.00015","0","10","Humid","29.05","0","27.30","276740.47","SABD0002000026","AAV2.0.0.13","4.0.0.2353","PSt7-10","221103-017","5/25/2023 1:31:44 PM","0000-00","0","no battery","V","353819","µV","","µV"
"06/13/2023","14:19:19","8","default","139783136","OXY_CH8","36.199","min","76.786","μmol/L","Humid","22.230","deg","144591","µV","29.566","°C","1016.000","hPa","0.0","pmil","0","55.292","deg","20.000","°C","100.000","μmol/L","21.658","deg","20.000","°C","1013.000","hPa","0.825","-0.013","0.000365","-0.00015","0","10","Humid","29.05","0","27.30","276729.85","SABD0002000026","AAV2.0.0.13","4.0.0.2353","PSt7-10","221103-017","5/25/2023 1:31:44 PM","0000-00","0","no battery","V","353819","µV","","µV"
"06/13/2023","14:19:22","8","default","139783136","OXY_CH8","36.249","min","76.776","μmol/L","Humid","22.233","deg","144608","µV","29.560","°C","1016.000","hPa","0.0","pmil","0","55.292","deg","20.000","°C","100.000","μmol/L","21.658","deg","20.000","°C","1013.000","hPa","0.825","-0.013","0.000365","-0.00015","0","10","Humid","29.05","0","27.30","276739.06","SABD0002000026","AAV2.0.0.13","4.0.0.2353","PSt7-10","221103-017","5/25/2023 1:31:44 PM","0000-00","0","no battery","V","353819","µV","","µV"
"06/13/2023","14:19:25","8","default","139783136","OXY_CH8","36.299","min","76.766","μmol/L","Humid","22.233","deg","144616","µV","29.566","°C","1016.000","hPa","0.0","pmil","0","55.292","deg","20.000","°C","100.000","μmol/L","21.658","deg","20.000","°C","1013.000","hPa","0.825","-0.013","0.000365","-0.00015","0","10","Humid","29.05","0","27.30","276739.01","SABD0002000026","AAV2.0.0.13","4.0.0.2353","PSt7-10","221103-017","5/25/2023 1:31:44 PM","0000-00","0","no battery","V","353819","µV","","µV"
"06/13/2023","14:19:28","8","default","139783136","OXY_CH8","36.349","min","76.734","μmol/L","Humid","22.238","deg","144633","µV","29.566","°C","1016.000","hPa","0.0","pmil","0","55.292","deg","20.000","°C","100.000","μmol/L","21.658","deg","20.000","°C","1013.000","hPa","0.825","-0.013","0.000365","-0.00015","0","10","Humid","29.05","0","27.30","276726.32","SABD0002000026","AAV2.0.0.13","4.0.0.2353","PSt7-10","221103-017","5/25/2023 1:31:44 PM","0000-00","0","no battery","V","353819","µV","","µV"
"06/13/2023","14:19:31","8","default","139783136","OXY_CH8","36.399","min","76.740","μmol/L","Humid","22.239","deg","144644","µV","29.560","°C","1017.000","hPa","0.0","pmil","0","55.292","deg","20.000","°C","100.000","μmol/L","21.658","deg","20.000","°C","1013.000","hPa","0.825","-0.013","0.000365","-0.00015","0","10","Humid","29.05","0","27.30","276728.24","SABD0002000026","AAV2.0.0.13","4.0.0.2353","PSt7-10","221103-017","5/25/2023 1:31:44 PM","0000-00","0","no battery","V","353819","µV","","µV"
"06/13/2023","14:19:34","8","default","139783136","OXY_CH8","36.449","min","76.740","μmol/L","Humid","22.240","deg","144668","µV","29.554","°C","1016.000","hPa","0.0","pmil","0","55.292","deg","20.000","°C","100.000","μmol/L","21.658","deg","20.000","°C","1013.000","hPa","0.825","-0.013","0.000365","-0.00015","0","10","Humid","29.05","0","27.30","276729.99","SABD0002000026","AAV2.0.0.13","4.0.0.2353","PSt7-10","221103-017","5/25/2023 1:31:44 PM","0000-00","0","no battery","V","353819","µV","","µV"
"06/13/2023","14:19:37","8","default","139783136","OXY_CH8","36.499","min","76.714","μmol/L","Humid","22.244","deg","144680","µV","29.554","°C","1016.000","hPa","0.0","pmil","0","55.292","deg","20.000","°C","100.000","μmol/L","21.658","deg","20.000","°C","1013.000","hPa","0.825","-0.013","0.000365","-0.00015","0","10","Humid","29.05","0","27.30","276740.62","SABD0002000026","AAV2.0.0.13","4.0.0.2353","PSt7-10","221103-017","5/25/2023 1:31:44 PM","0000-00","0","no battery","V","353819","µV","","µV"
"06/13/2023","14:19:40","8","default","139783136","OXY_CH8","36.549","min","76.704","μmol/L","Humid","22.247","deg","144692","µV","29.548","°C","1016.000","hPa","0.0","pmil","0","55.292","deg","20.000","°C","100.000","μmol/L","21.658","deg","20.000","°C","1013.000","hPa","0.825","-0.013","0.000365","-0.00015","0","10","Humid","29.05","0","27.30","276733.33","SABD0002000026","AAV2.0.0.13","4.0.0.2353","PSt7-10","221103-017","5/25/2023 1:31:44 PM","0000-00","0","no battery","V","353819","µV","","µV"
"06/13/2023","14:19:43","8","default","139783136","OXY_CH8","36.599","min","76.711","μmol/L","Humid","22.246","deg","144699","µV","29.548","°C","1016.000","hPa","0.0","pmil","0","55.292","deg","20.000","°C","100.000","μmol/L","21.658","deg","20.000","°C","1013.000","hPa","0.825","-0.013","0.000365","-0.00015","0","10","Humid","29.05","0","27.30","276730.30","SABD0002000026","AAV2.0.0.13","4.0.0.2353","PSt7-10","221103-017","5/25/2023 1:31:44 PM","0000-00","0","no battery","V","353819","µV","","µV"
"06/13/2023","14:19:46","8","default","139783136","OXY_CH8","36.649","min","76.675","μmol/L","Humid","22.250","deg","144718","µV","29.554","°C","1016.000","hPa","0.0","pmil","0","55.292","deg","20.000","°C","100.000","μmol/L","21.658","deg","20.000","°C","1013.000","hPa","0.825","-0.013","0.000365","-0.00015","0","10","Humid","29.05","0","27.30","276724.53","SABD0002000026","AAV2.0.0.13","4.0.0.2353","PSt7-10","221103-017","5/25/2023 1:31:44 PM","0000-00","0","no battery","V","353819","µV","","µV"
"06/13/2023","14:19:49","8","default","139783136","OXY_CH8","36.699","min","76.662","μmol/L","Humid","22.252","deg","144734","µV","29.554","°C","1016.000","hPa","0.0","pmil","0","55.292","deg","20.000","°C","100.000","μmol/L","21.658","deg","20.000","°C","1013.000","hPa","0.825","-0.013","0.000365","-0.00015","0","10","Humid","29.05","0","27.30","276730.89","SABD0002000026","AAV2.0.0.13","4.0.0.2353","PSt7-10","221103-017","5/25/2023 1:31:44 PM","0000-00","0","no battery","V","353819","µV","","µV"
"06/13/2023","14:19:52","8","default","139783136","OXY_CH8","36.749","min","76.642","μmol/L","Humid","22.255","deg","144753","µV","29.554","°C","1016.000","hPa","0.0","pmil","0","55.292","deg","20.000","°C","100.000","μmol/L","21.658","deg","20.000","°C","1013.000","hPa","0.825","-0.013","0.000365","-0.00015","0","10","Humid","29.05","0","27.30","276730.54","SABD0002000026","AAV2.0.0.13","4.0.0.2353","PSt7-10","221103-017","5/25/2023 1:31:44 PM","0000-00","0","no battery","V","353819","µV","","µV"
"06/13/2023","14:19:55","8","default","139783136","OXY_CH8","36.799","min","76.645","μmol/L","Humid","22.256","deg","144762","µV","29.548","°C","1016.000","hPa","0.0","pmil","0","55.292","deg","20.000","°C","100.000","μmol/L","21.658","deg","20.000","°C","1013.000","hPa","0.825","-0.013","0.000365","-0.00015","0","10","Humid","29.05","0","27.30","276724.59","SABD0002000026","AAV2.0.0.13","4.0.0.2353","PSt7-10","221103-017","5/25/2023 1:31:44 PM","0000-00","0","no battery","V","353819","µV","","µV"
"06/13/2023","14:19:58","8","default","139783136","OXY_CH8","36.849","min","76.616","μmol/L","Humid","22.259","deg","144775","µV","29.554","°C","1016.000","hPa","0.0","pmil","0","55.292","deg","20.000","°C","100.000","μmol/L","21.658","deg","20.000","°C","1013.000","hPa","0.825","-0.013","0.000365","-0.00015","0","10","Humid","29.05","0","27.30","276731.46","SABD0002000026","AAV2.0.0.13","4.0.0.2353","PSt7-10","221103-017","5/25/2023 1:31:44 PM","0000-00","0","no battery","V","353819","µV","","µV"
"06/13/2023","14:20:01","8","default","139783136","OXY_CH8","36.899","min","76.596","μmol/L","Humid","22.262","deg","144789","µV","29.554","°C","1016.000","hPa","0.0","pmil","0","55.292","deg","20.000","°C","100.000","μmol/L","21.658","deg","20.000","°C","1013.000","hPa","0.825","-0.013","0.000365","-0.00015","0","10","Humid","29.05","0","27.30","276723.07","SABD0002000026","AAV2.0.0.13","4.0.0.2353","PSt7-10","221103-017","5/25/2023 1:31:44 PM","0000-00","0","no battery","V","353819","µV","","µV"
"06/13/2023","14:20:04","8","default","139783136","OXY_CH8","36.949","min","76.599","μmol/L","Humid","22.262","deg","144802","µV","29.554","°C","1017.000","hPa","0.0","pmil","0","55.292","deg","20.000","°C","100.000","μmol/L","21.658","deg","20.000","°C","1013.000","hPa","0.825","-0.013","0.000365","-0.00015","0","10","Humid","29.05","0","27.30","276725.82","SABD0002000026","AAV2.0.0.13","4.0.0.2353","PSt7-10","221103-017","5/25/2023 1:31:44 PM","0000-00","0","no battery","V","353819","µV","","µV"
"06/13/2023","14:20:07","8","default","139783136","OXY_CH8","36.999","min","76.586","μmol/L","Humid","22.265","deg","144814","µV","29.548","°C","1016.000","hPa","0.0","pmil","0","55.292","deg","20.000","°C","100.000","μmol/L","21.658","deg","20.000","°C","1013.000","hPa","0.825","-0.013","0.000365","-0.00015","0","10","Humid","29.05","0","27.30","276736.20","SABD0002000026","AAV2.0.0.13","4.0.0.2353","PSt7-10","221103-017","5/25/2023 1:31:44 PM","0000-00","0","no battery","V","353819","µV","","µV"
"06/13/2023","14:20:10","8","default","139783136","OXY_CH8","37.049","min","76.580","μmol/L","Humid","22.266","deg","144827","µV","29.548","°C","1016.000","hPa","0.0","pmil","0","55.292","deg","20.000","°C","100.000","μmol/L","21.658","deg","20.000","°C","1013.000","hPa","0.825","-0.013","0.000365","-0.00015","0","10","Humid","29.05","0","27.30","276739.08","SABD0002000026","AAV2.0.0.13","4.0.0.2353","PSt7-10","221103-017","5/25/2023 1:31:44 PM","0000-00","0","no battery","V","353819","µV","","µV"
"06/13/2023","14:20:13","8","default","139783136","OXY_CH8","37.099","min","76.550","μmol/L","Humid","22.269","deg","144835","µV","29.554","°C","1016.000","hPa","0.0","pmil","0","55.292","deg","20.000","°C","100.000","μmol/L","21.658","deg","20.000","°C","1013.000","hPa","0.825","-0.013","0.000365","-0.00015","0","10","Humid","29.05","0","27.30","276724.89","SABD0002000026","AAV2.0.0.13","4.0.0.2353","PSt7-10","221103-017","5/25/2023 1:31:44 PM","0000-00","0","no battery","V","353819","µV","","µV"
"06/13/2023","14:20:16","8","default","139783136","OXY_CH8","37.149","min","76.550","μmol/L","Humid","22.269","deg","144861","µV","29.554","°C","1016.000","hPa","0.0","pmil","0","55.292","deg","20.000","°C","100.000","μmol/L","21.658","deg","20.000","°C","1013.000","hPa","0.825","-0.013","0.000365","-0.00015","0","10","Humid","29.05","0","27.30","276730.00","SABD0002000026","AAV2.0.0.13","4.0.0.2353","PSt7-10","221103-017","5/25/2023 1:31:44 PM","0000-00","0","no battery","V","353819","µV","","µV"
"06/13/2023","14:20:19","8","default","139783136","OXY_CH8","37.199","min","76.544","μmol/L","Humid","22.270","deg","144868","µV","29.554","°C","1016.000","hPa","0.0","pmil","0","55.292","deg","20.000","°C","100.000","μmol/L","21.658","deg","20.000","°C","1013.000","hPa","0.825","-0.013","0.000365","-0.00015","0","10","Humid","29.05","0","27.30","276714.87","SABD0002000026","AAV2.0.0.13","4.0.0.2353","PSt7-10","221103-017","5/25/2023 1:31:44 PM","0000-00","0","no battery","V","353819","µV","","µV"
"06/13/2023","14:20:22","8","default","139783136","OXY_CH8","37.249","min","76.550","μmol/L","Humid","22.272","deg","144884","µV","29.542","°C","1016.000","hPa","0.0","pmil","0","55.292","deg","20.000","°C","100.000","μmol/L","21.658","deg","20.000","°C","1013.000","hPa","0.825","-0.013","0.000365","-0.00015","0","10","Humid","29.05","0","27.30","276724.39","SABD0002000026","AAV2.0.0.13","4.0.0.2353","PSt7-10","221103-017","5/25/2023 1:31:44 PM","0000-00","0","no battery","V","353819","µV","","µV"
"06/13/2023","14:20:25","8","default","139783136","OXY_CH8","37.299","min","76.517","μmol/L","Humid","22.276","deg","144890","µV","29.548","°C","1017.000","hPa","0.0","pmil","0","55.292","deg","20.000","°C","100.000","μmol/L","21.658","deg","20.000","°C","1013.000","hPa","0.825","-0.013","0.000365","-0.00015","0","10","Humid","29.05","0","27.30","276716.57","SABD0002000026","AAV2.0.0.13","4.0.0.2353","PSt7-10","221103-017","5/25/2023 1:31:44 PM","0000-00","0","no battery","V","353819","µV","","µV"
"06/13/2023","14:20:28","8","default","139783136","OXY_CH8","37.349","min","76.501","μmol/L","Humid","22.278","deg","144905","µV","29.548","°C","1016.000","hPa","0.0","pmil","0","55.292","deg","20.000","°C","100.000","μmol/L","21.658","deg","20.000","°C","1013.000","hPa","0.825","-0.013","0.000365","-0.00015","0","10","Humid","29.05","0","27.30","276719.02","SABD0002000026","AAV2.0.0.13","4.0.0.2353","PSt7-10","221103-017","5/25/2023 1:31:44 PM","0000-00","0","no battery","V","353819","µV","","µV"
"06/13/2023","14:20:31","8","default","139783136","OXY_CH8","37.399","min","76.475","μmol/L","Humid","22.282","deg","144928","µV","29.548","°C","1016.000","hPa","0.0","pmil","0","55.292","deg","20.000","°C","100.000","μmol/L","21.658","deg","20.000","°C","1013.000","hPa","0.825","-0.013","0.000365","-0.00015","0","10","Humid","29.05","0","27.30","276715.50","SABD0002000026","AAV2.0.0.13","4.0.0.2353","PSt7-10","221103-017","5/25/2023 1:31:44 PM","0000-00","0","no battery","V","353819","µV","","µV"
"06/13/2023","14:20:34","8","default","139783136","OXY_CH8","37.449","min","76.468","μmol/L","Humid","22.283","deg","144921","µV","29.548","°C","1016.000","hPa","0.0","pmil","0","55.292","deg","20.000","°C","100.000","μmol/L","21.658","deg","20.000","°C","1013.000","hPa","0.825","-0.013","0.000365","-0.00015","0","10","Humid","29.05","0","27.30","276708.24","SABD0002000026","AAV2.0.0.13","4.0.0.2353","PSt7-10","221103-017","5/25/2023 1:31:44 PM","0000-00","0","no battery","V","353819","µV","","µV"
"06/13/2023","14:20:37","8","default","139783136","OXY_CH8","37.499","min","76.449","μmol/L","Humid","22.286","deg","144949","µV","29.548","°C","1016.000","hPa","0.0","pmil","0","55.292","deg","20.000","°C","100.000","μmol/L","21.658","deg","20.000","°C","1013.000","hPa","0.825","-0.013","0.000365","-0.00015","0","10","Humid","29.05","0","27.30","276714.92","SABD0002000026","AAV2.0.0.13","4.0.0.2353","PSt7-10","221103-017","5/25/2023 1:31:44 PM","0000-00","0","no battery","V","353819","µV","","µV"
"06/13/2023","14:20:40","8","default","139783136","OXY_CH8","37.549","min","76.459","μmol/L","Humid","22.286","deg","144954","µV","29.542","°C","1016.000","hPa","0.0","pmil","0","55.292","deg","20.000","°C","100.000","μmol/L","21.658","deg","20.000","°C","1013.000","hPa","0.825","-0.013","0.000365","-0.00015","0","10","Humid","29.05","0","27.30","276711.41","SABD0002000026","AAV2.0.0.13","4.0.0.2353","PSt7-10","221103-017","5/25/2023 1:31:44 PM","0000-00","0","no battery","V","353819","µV","","µV"
"06/13/2023","14:20:43","8","default","139783136","OXY_CH8","37.599","min","76.433","μmol/L","Humid","22.290","deg","144975","µV","29.542","°C","1016.000","hPa","0.0","pmil","0","55.292","deg","20.000","°C","100.000","μmol/L","21.658","deg","20.000","°C","1013.000","hPa","0.825","-0.013","0.000365","-0.00015","0","10","Humid","29.05","0","27.30","276717.89","SABD0002000026","AAV2.0.0.13","4.0.0.2353","PSt7-10","221103-017","5/25/2023 1:31:44 PM","0000-00","0","no battery","V","353819","µV","","µV"
"06/13/2023","14:20:46","8","default","139783136","OXY_CH8","37.649","min","76.433","μmol/L","Humid","22.290","deg","144985","µV","29.542","°C","1016.000","hPa","0.0","pmil","0","55.292","deg","20.000","°C","100.000","μmol/L","21.658","deg","20.000","°C","1013.000","hPa","0.825","-0.013","0.000365","-0.00015","0","10","Humid","29.05","0","27.30","276706.00","SABD0002000026","AAV2.0.0.13","4.0.0.2353","PSt7-10","221103-017","5/25/2023 1:31:44 PM","0000-00","0","no battery","V","353819","µV","","µV"
"06/13/2023","14:20:49","8","default","139783136","OXY_CH8","37.699","min","76.400","μmol/L","Humid","22.295","deg","145004","µV","29.542","°C","1016.000","hPa","0.0","pmil","0","55.292","deg","20.000","°C","100.000","μmol/L","21.658","deg","20.000","°C","1013.000","hPa","0.825","-0.013","0.000365","-0.00015","0","10","Humid","29.05","0","27.30","276702.21","SABD0002000026","AAV2.0.0.13","4.0.0.2353","PSt7-10","221103-017","5/25/2023 1:31:44 PM","0000-00","0","no battery","V","353819","µV","","µV"
"06/13/2023","14:20:52","8","default","139783136","OXY_CH8","37.749","min","76.400","μmol/L","Humid","22.295","deg","145019","µV","29.542","°C","1016.000","hPa","0.0","pmil","0","55.292","deg","20.000","°C","100.000","μmol/L","21.658","deg","20.000","°C","1013.000","hPa","0.825","-0.013","0.000365","-0.00015","0","10","Humid","29.05","0","27.30","276713.11","SABD0002000026","AAV2.0.0.13","4.0.0.2353","PSt7-10","221103-017","5/25/2023 1:31:44 PM","0000-00","0","no battery","V","353819","µV","","µV"
"06/13/2023","14:20:55","8","default","139783136","OXY_CH8","37.799","min","76.403","μmol/L","Humid","22.296","deg","145033","µV","29.535","°C","1016.000","hPa","0.0","pmil","0","55.292","deg","20.000","°C","100.000","μmol/L","21.658","deg","20.000","°C","1013.000","hPa","0.825","-0.013","0.000365","-0.00015","0","10","Humid","29.05","0","27.30","276717.45","SABD0002000026","AAV2.0.0.13","4.0.0.2353","PSt7-10","221103-017","5/25/2023 1:31:44 PM","0000-00","0","no battery","V","353819","µV","","µV"
"06/13/2023","14:20:58","8","default","139783136","OXY_CH8","37.849","min","76.400","μmol/L","Humid","22.295","deg","145042","µV","29.542","°C","1016.000","hPa","0.0","pmil","0","55.292","deg","20.000","°C","100.000","μmol/L","21.658","deg","20.000","°C","1013.000","hPa","0.825","-0.013","0.000365","-0.00015","0","10","Humid","29.05","0","27.30","276701.40","SABD0002000026","AAV2.0.0.13","4.0.0.2353","PSt7-10","221103-017","5/25/2023 1:31:44 PM","0000-00","0","no battery","V","353819","µV","","µV"
"06/13/2023","14:21:01","8","default","139783136","OXY_CH8","37.899","min","76.380","μmol/L","Humid","22.298","deg","145057","µV","29.542","°C","1016.000","hPa","0.0","pmil","0","55.292","deg","20.000","°C","100.000","μmol/L","21.658","deg","20.000","°C","1013.000","hPa","0.825","-0.013","0.000365","-0.00015","0","10","Humid","29.05","0","27.30","276700.14","SABD0002000026","AAV2.0.0.13","4.0.0.2353","PSt7-10","221103-017","5/25/2023 1:31:44 PM","0000-00","0","no battery","V","353819","µV","","µV"
"06/13/2023","14:21:04","8","default","139783136","OXY_CH8","37.949","min","76.361","μmol/L","Humid","22.301","deg","145073","µV","29.542","°C","1016.000","hPa","0.0","pmil","0","55.292","deg","20.000","°C","100.000","μmol/L","21.658","deg","20.000","°C","1013.000","hPa","0.825","-0.013","0.000365","-0.00015","0","10","Humid","29.05","0","27.30","276724.65","SABD0002000026","AAV2.0.0.13","4.0.0.2353","PSt7-10","221103-017","5/25/2023 1:31:44 PM","0000-00","0","no battery","V","353819","µV","","µV"
"06/13/2023","14:21:07","8","default","139783136","OXY_CH8","37.999","min","76.341","μmol/L","Humid","22.304","deg","145099","µV","29.542","°C","1016.000","hPa","0.0","pmil","0","55.292","deg","20.000","°C","100.000","μmol/L","21.658","deg","20.000","°C","1013.000","hPa","0.825","-0.013","0.000365","-0.00015","0","10","Humid","29.05","0","27.30","276711.42","SABD0002000026","AAV2.0.0.13","4.0.0.2353","PSt7-10","221103-017","5/25/2023 1:31:44 PM","0000-00","0","no battery","V","353819","µV","","µV"
"06/13/2023","14:21:10","8","default","139783136","OXY_CH8","38.049","min","76.321","μmol/L","Humid","22.307","deg","145097","µV","29.542","°C","1016.000","hPa","0.0","pmil","0","55.292","deg","20.000","°C","100.000","μmol/L","21.658","deg","20.000","°C","1013.000","hPa","0.825","-0.013","0.000365","-0.00015","0","10","Humid","29.05","0","27.30","276707.68","SABD0002000026","AAV2.0.0.13","4.0.0.2353","PSt7-10","221103-017","5/25/2023 1:31:44 PM","0000-00","0","no battery","V","353819","µV","","µV"
"06/13/2023","14:21:13","8","default","139783136","OXY_CH8","38.099","min","76.305","μmol/L","Humid","22.311","deg","145110","µV","29.535","°C","1016.000","hPa","0.0","pmil","0","55.292","deg","20.000","°C","100.000","μmol/L","21.658","deg","20.000","°C","1013.000","hPa","0.825","-0.013","0.000365","-0.00015","0","10","Humid","29.05","0","27.30","276719.08","SABD0002000026","AAV2.0.0.13","4.0.0.2353","PSt7-10","221103-017","5/25/2023 1:31:44 PM","0000-00","0","no battery","V","353819","µV","","µV"
"06/13/2023","14:21:16","8","default","139783136","OXY_CH8","38.149","min","76.292","μmol/L","Humid","22.313","deg","145127","µV","29.535","°C","1016.000","hPa","0.0","pmil","0","55.292","deg","20.000","°C","100.000","μmol/L","21.658","deg","20.000","°C","1013.000","hPa","0.825","-0.013","0.000365","-0.00015","0","10","Humid","29.05","0","27.30","276711.66","SABD0002000026","AAV2.0.0.13","4.0.0.2353","PSt7-10","221103-017","5/25/2023 1:31:44 PM","0000-00","0","no battery","V","353819","µV","","µV"
"06/13/2023","14:21:19","8","default","139783136","OXY_CH8","38.199","min","76.276","μmol/L","Humid","22.314","deg","145127","µV","29.542","°C","1016.000","hPa","0.0","pmil","0","55.292","deg","20.000","°C","100.000","μmol/L","21.658","deg","20.000","°C","1013.000","hPa","0.825","-0.013","0.000365","-0.00015","0","10","Humid","29.05","0","27.30","276687.65","SABD0002000026","AAV2.0.0.13","4.0.0.2353","PSt7-10","221103-017","5/25/2023 1:31:44 PM","0000-00","0","no battery","V","353819","µV","","µV"
"06/13/2023","14:21:22","8","default","139783136","OXY_CH8","38.249","min","76.273","μmol/L","Humid","22.316","deg","145153","µV","29.535","°C","1016.000","hPa","0.0","pmil","0","55.292","deg","20.000","°C","100.000","μmol/L","21.658","deg","20.000","°C","1013.000","hPa","0.825","-0.013","0.000365","-0.00015","0","10","Humid","29.05","0","27.30","276719.43","SABD0002000026","AAV2.0.0.13","4.0.0.2353","PSt7-10","221103-017","5/25/2023 1:31:44 PM","0000-00","0","no battery","V","353819","µV","","µV"
"06/13/2023","14:21:25","8","default","139783136","OXY_CH8","38.299","min","76.279","μmol/L","Humid","22.315","deg","145163","µV","29.535","°C","1016.000","hPa","0.0","pmil","0","55.292","deg","20.000","°C","100.000","μmol/L","21.658","deg","20.000","°C","1013.000","hPa","0.825","-0.013","0.000365","-0.00015","0","10","Humid","29.05","0","27.30","276692.35","SABD0002000026","AAV2.0.0.13","4.0.0.2353","PSt7-10","221103-017","5/25/2023 1:31:44 PM","0000-00","0","no battery","V","353819","µV","","µV"
"06/13/2023","14:21:28","8","default","139783136","OXY_CH8","38.349","min","76.260","μmol/L","Humid","22.318","deg","145175","µV","29.535","°C","1016.000","hPa","0.0","pmil","0","55.292","deg","20.000","°C","100.000","μmol/L","21.658","deg","20.000","°C","1013.000","hPa","0.825","-0.013","0.000365","-0.00015","0","10","Humid","29.05","0","27.30","276684.80","SABD0002000026","AAV2.0.0.13","4.0.0.2353","PSt7-10","221103-017","5/25/2023 1:31:44 PM","0000-00","0","no battery","V","353819","µV","","µV"
"06/13/2023","14:21:31","8","default","139783136","OXY_CH8","38.399","min","76.233","μmol/L","Humid","22.322","deg","145189","µV","29.535","°C","1016.000","hPa","0.0","pmil","0","55.292","deg","20.000","°C","100.000","μmol/L","21.658","deg","20.000","°C","1013.000","hPa","0.825","-0.013","0.000365","-0.00015","0","10","Humid","29.05","0","27.30","276699.58","SABD0002000026","AAV2.0.0.13","4.0.0.2353","PSt7-10","221103-017","5/25/2023 1:31:44 PM","0000-00","0","no battery","V","353819","µV","","µV"
"06/13/2023","14:21:34","8","default","139783136","OXY_CH8","38.449","min","76.247","μmol/L","Humid","22.320","deg","145190","µV","29.535","°C","1016.000","hPa","0.0","pmil","0","55.292","deg","20.000","°C","100.000","μmol/L","21.658","deg","20.000","°C","1013.000","hPa","0.825","-0.013","0.000365","-0.00015","0","10","Humid","29.05","0","27.30","276700.97","SABD0002000026","AAV2.0.0.13","4.0.0.2353","PSt7-10","221103-017","5/25/2023 1:31:44 PM","0000-00","0","no battery","V","353819","µV","","µV"
"06/13/2023","14:21:37","8","default","139783136","OXY_CH8","38.499","min","76.214","μmol/L","Humid","22.325","deg","145216","µV","29.535","°C","1016.000","hPa","0.0","pmil","0","55.292","deg","20.000","°C","100.000","μmol/L","21.658","deg","20.000","°C","1013.000","hPa","0.825","-0.013","0.000365","-0.00015","0","10","Humid","29.05","0","27.30","276696.61","SABD0002000026","AAV2.0.0.13","4.0.0.2353","PSt7-10","221103-017","5/25/2023 1:31:44 PM","0000-00","0","no battery","V","353819","µV","","µV"
"06/13/2023","14:21:40","8","default","139783136","OXY_CH8","38.549","min","76.220","μmol/L","Humid","22.324","deg","145229","µV","29.535","°C","1016.000","hPa","0.0","pmil","0","55.292","deg","20.000","°C","100.000","μmol/L","21.658","deg","20.000","°C","1013.000","hPa","0.825","-0.013","0.000365","-0.00015","0","10","Humid","29.05","0","27.30","276702.54","SABD0002000026","AAV2.0.0.13","4.0.0.2353","PSt7-10","221103-017","5/25/2023 1:31:44 PM","0000-00","0","no battery","V","353819","µV","","µV"
"06/13/2023","14:21:43","8","default","139783136","OXY_CH8","38.599","min","76.198","μmol/L","Humid","22.329","deg","145247","µV","29.529","°C","1016.000","hPa","0.0","pmil","0","55.292","deg","20.000","°C","100.000","μmol/L","21.658","deg","20.000","°C","1013.000","hPa","0.825","-0.013","0.000365","-0.00015","0","10","Humid","29.05","0","27.30","276699.34","SABD0002000026","AAV2.0.0.13","4.0.0.2353","PSt7-10","221103-017","5/25/2023 1:31:44 PM","0000-00","0","no battery","V","353819","µV","","µV"
"06/13/2023","14:21:46","8","default","139783136","OXY_CH8","38.649","min","76.171","μmol/L","Humid","22.330","deg","145256","µV","29.542","°C","1016.000","hPa","0.0","pmil","0","55.292","deg","20.000","°C","100.000","μmol/L","21.658","deg","20.000","°C","1013.000","hPa","0.825","-0.013","0.000365","-0.00015","0","10","Humid","29.05","0","27.30","276699.22","SABD0002000026","AAV2.0.0.13","4.0.0.2353","PSt7-10","221103-017","5/25/2023 1:31:44 PM","0000-00","0","no battery","V","353819","µV","","µV"
"06/13/2023","14:21:49","8","default","139783136","OXY_CH8","38.699","min","76.155","μmol/L","Humid","22.334","deg","145267","µV","29.535","°C","1016.000","hPa","0.0","pmil","0","55.292","deg","20.000","°C","100.000","μmol/L","21.658","deg","20.000","°C","1013.000","hPa","0.825","-0.013","0.000365","-0.00015","0","10","Humid","29.05","0","27.30","276701.20","SABD0002000026","AAV2.0.0.13","4.0.0.2353","PSt7-10","221103-017","5/25/2023 1:31:44 PM","0000-00","0","no battery","V","353819","µV","","µV"
"06/13/2023","14:21:52","8","default","139783136","OXY_CH8","38.749","min","76.152","μmol/L","Humid","22.333","deg","145283","µV","29.542","°C","1016.000","hPa","0.0","pmil","0","55.292","deg","20.000","°C","100.000","μmol/L","21.658","deg","20.000","°C","1013.000","hPa","0.825","-0.013","0.000365","-0.00015","0","10","Humid","29.05","0","27.30","276702.19","SABD0002000026","AAV2.0.0.13","4.0.0.2353","PSt7-10","221103-017","5/25/2023 1:31:44 PM","0000-00","0","no battery","V","353819","µV","","µV"
"06/13/2023","14:21:55","8","default","139783136","OXY_CH8","38.799","min","76.132","μmol/L","Humid","22.336","deg","145300","µV","29.542","°C","1016.000","hPa","0.0","pmil","0","55.292","deg","20.000","°C","100.000","μmol/L","21.658","deg","20.000","°C","1013.000","hPa","0.825","-0.013","0.000365","-0.00015","0","10","Humid","29.05","0","27.30","276692.62","SABD0002000026","AAV2.0.0.13","4.0.0.2353","PSt7-10","221103-017","5/25/2023 1:31:44 PM","0000-00","0","no battery","V","353819","µV","","µV"
"06/13/2023","14:21:58","8","default","139783136","OXY_CH8","38.849","min","76.113","μmol/L","Humid","22.339","deg","145312","µV","29.542","°C","1016.000","hPa","0.0","pmil","0","55.292","deg","20.000","°C","100.000","μmol/L","21.658","deg","20.000","°C","1013.000","hPa","0.825","-0.013","0.000365","-0.00015","0","10","Humid","29.05","0","27.30","276707.75","SABD0002000026","AAV2.0.0.13","4.0.0.2353","PSt7-10","221103-017","5/25/2023 1:31:44 PM","0000-00","0","no battery","V","353819","µV","","µV"
"06/13/2023","14:22:01","8","default","139783136","OXY_CH8","38.899","min","76.110","μmol/L","Humid","22.341","deg","145321","µV","29.535","°C","1016.000","hPa","0.0","pmil","0","55.292","deg","20.000","°C","100.000","μmol/L","21.658","deg","20.000","°C","1013.000","hPa","0.825","-0.013","0.000365","-0.00015","0","10","Humid","29.05","0","27.30","276681.20","SABD0002000026","AAV2.0.0.13","4.0.0.2353","PSt7-10","221103-017","5/25/2023 1:31:44 PM","0000-00","0","no battery","V","353819","µV","","µV"
"06/13/2023","14:22:04","8","default","139783136","OXY_CH8","38.949","min","76.100","μmol/L","Humid","22.341","deg","145340","µV","29.542","°C","1016.000","hPa","0.0","pmil","0","55.292","deg","20.000","°C","100.000","μmol/L","21.658","deg","20.000","°C","1013.000","hPa","0.825","-0.013","0.000365","-0.00015","0","10","Humid","29.05","0","27.30","276702.31","SABD0002000026","AAV2.0.0.13","4.0.0.2353","PSt7-10","221103-017","5/25/2023 1:31:44 PM","0000-00","0","no battery","V","353819","µV","","µV"
"06/13/2023","14:22:07","8","default","139783136","OXY_CH8","38.999","min","76.097","μmol/L","Humid","22.343","deg","145350","µV","29.535","°C","1016.000","hPa","0.0","pmil","0","55.292","deg","20.000","°C","100.000","μmol/L","21.658","deg","20.000","°C","1013.000","hPa","0.825","-0.013","0.000365","-0.00015","0","10","Humid","29.05","0","27.30","276693.07","SABD0002000026","AAV2.0.0.13","4.0.0.2353","PSt7-10","221103-017","5/25/2023 1:31:44 PM","0000-00","0","no battery","V","353819","µV","","µV"
"06/13/2023","14:22:10","8","default","139783136","OXY_CH8","39.049","min","76.074","μmol/L","Humid","22.348","deg","145364","µV","29.529","°C","1016.000","hPa","0.0","pmil","0","55.292","deg","20.000","°C","100.000","μmol/L","21.658","deg","20.000","°C","1013.000","hPa","0.825","-0.013","0.000365","-0.00015","0","10","Humid","29.05","0","27.30","276695.41","SABD0002000026","AAV2.0.0.13","4.0.0.2353","PSt7-10","221103-017","5/25/2023 1:31:44 PM","0000-00","0","no battery","V","353819","µV","","µV"
"06/13/2023","14:22:13","8","default","139783136","OXY_CH8","39.099","min","76.071","μmol/L","Humid","22.347","deg","145375","µV","29.535","°C","1016.000","hPa","0.0","pmil","0","55.292","deg","20.000","°C","100.000","μmol/L","21.658","deg","20.000","°C","1013.000","hPa","0.825","-0.013","0.000365","-0.00015","0","10","Humid","29.05","0","27.30","276703.05","SABD0002000026","AAV2.0.0.13","4.0.0.2353","PSt7-10","221103-017","5/25/2023 1:31:44 PM","0000-00","0","no battery","V","353819","µV","","µV"
"06/13/2023","14:22:16","8","default","139783136","OXY_CH8","39.149","min","76.071","μmol/L","Humid","22.347","deg","145386","µV","29.535","°C","1016.000","hPa","0.0","pmil","0","55.292","deg","20.000","°C","100.000","μmol/L","21.658","deg","20.000","°C","1013.000","hPa","0.825","-0.013","0.000365","-0.00015","0","10","Humid","29.05","0","27.30","276672.98","SABD0002000026","AAV2.0.0.13","4.0.0.2353","PSt7-10","221103-017","5/25/2023 1:31:44 PM","0000-00","0","no battery","V","353819","µV","","µV"
"06/13/2023","14:22:19","8","default","139783136","OXY_CH8","39.199","min","76.051","μmol/L","Humid","22.353","deg","145397","µV","29.523","°C","1016.000","hPa","0.0","pmil","0","55.292","deg","20.000","°C","100.000","μmol/L","21.658","deg","20.000","°C","1013.000","hPa","0.825","-0.013","0.000365","-0.00015","0","10","Humid","29.05","0","27.30","276688.40","SABD0002000026","AAV2.0.0.13","4.0.0.2353","PSt7-10","221103-017","5/25/2023 1:31:44 PM","0000-00","0","no battery","V","353819","µV","","µV"
"06/13/2023","14:22:22","8","default","139783136","OXY_CH8","39.249","min","76.025","μmol/L","Humid","22.354","deg","145415","µV","29.535","°C","1016.000","hPa","0.0","pmil","0","55.292","deg","20.000","°C","100.000","μmol/L","21.658","deg","20.000","°C","1013.000","hPa","0.825","-0.013","0.000365","-0.00015","0","10","Humid","29.05","0","27.30","276689.31","SABD0002000026","AAV2.0.0.13","4.0.0.2353","PSt7-10","221103-017","5/25/2023 1:31:44 PM","0000-00","0","no battery","V","353819","µV","","µV"
"06/13/2023","14:22:25","8","default","139783136","OXY_CH8","39.298","min","76.058","μmol/L","Humid","22.352","deg","145420","µV","29.523","°C","1016.000","hPa","0.0","pmil","0","55.292","deg","20.000","°C","100.000","μmol/L","21.658","deg","20.000","°C","1013.000","hPa","0.825","-0.013","0.000365","-0.00015","0","10","Humid","29.05","0","27.30","276685.59","SABD0002000026","AAV2.0.0.13","4.0.0.2353","PSt7-10","221103-017","5/25/2023 1:31:44 PM","0000-00","0","no battery","V","353819","µV","","µV"
"06/13/2023","14:22:28","8","default","139783136","OXY_CH8","39.349","min","76.012","μmol/L","Humid","22.359","deg","145438","µV","29.523","°C","1016.000","hPa","0.0","pmil","0","55.292","deg","20.000","°C","100.000","μmol/L","21.658","deg","20.000","°C","1013.000","hPa","0.825","-0.013","0.000365","-0.00015","0","10","Humid","29.05","0","27.30","276682.23","SABD0002000026","AAV2.0.0.13","4.0.0.2353","PSt7-10","221103-017","5/25/2023 1:31:44 PM","0000-00","0","no battery","V","353819","µV","","µV"
"06/13/2023","14:22:31","8","default","139783136","OXY_CH8","39.399","min","76.016","μmol/L","Humid","22.357","deg","145448","µV","29.529","°C","1016.000","hPa","0.0","pmil","0","55.292","deg","20.000","°C","100.000","μmol/L","21.658","deg","20.000","°C","1013.000","hPa","0.825","-0.013","0.000365","-0.00015","0","10","Humid","29.05","0","27.30","276692.32","SABD0002000026","AAV2.0.0.13","4.0.0.2353","PSt7-10","221103-017","5/25/2023 1:31:44 PM","0000-00","0","no battery","V","353819","µV","","µV"
"06/13/2023","14:22:34","8","default","139783136","OXY_CH8","39.449","min","75.996","μmol/L","Humid","22.360","deg","145465","µV","29.529","°C","1016.000","hPa","0.0","pmil","0","55.292","deg","20.000","°C","100.000","μmol/L","21.658","deg","20.000","°C","1013.000","hPa","0.825","-0.013","0.000365","-0.00015","0","10","Humid","29.05","0","27.30","276681.30","SABD0002000026","AAV2.0.0.13","4.0.0.2353","PSt7-10","221103-017","5/25/2023 1:31:44 PM","0000-00","0","no battery","V","353819","µV","","µV"
"06/13/2023","14:22:37","8","default","139783136","OXY_CH8","39.499","min","75.970","μmol/L","Humid","22.364","deg","145476","µV","29.529","°C","1016.000","hPa","0.0","pmil","0","55.292","deg","20.000","°C","100.000","μmol/L","21.658","deg","20.000","°C","1013.000","hPa","0.825","-0.013","0.000365","-0.00015","0","10","Humid","29.05","0","27.30","276690.13","SABD0002000026","AAV2.0.0.13","4.0.0.2353","PSt7-10","221103-017","5/25/2023 1:31:44 PM","0000-00","0","no battery","V","353819","µV","","µV"
"06/13/2023","14:22:40","8","default","139783136","OXY_CH8","39.549","min","75.970","μmol/L","Humid","22.364","deg","145489","µV","29.529","°C","1016.000","hPa","0.0","pmil","0","55.292","deg","20.000","°C","100.000","μmol/L","21.658","deg","20.000","°C","1013.000","hPa","0.825","-0.013","0.000365","-0.00015","0","10","Humid","29.05","0","27.30","276670.56","SABD0002000026","AAV2.0.0.13","4.0.0.2353","PSt7-10","221103-017","5/25/2023 1:31:44 PM","0000-00","0","no battery","V","353819","µV","","µV"
"06/13/2023","14:22:43","8","default","139783136","OXY_CH8","39.599","min","75.974","μmol/L","Humid","22.365","deg","145498","µV","29.523","°C","1016.000","hPa","0.0","pmil","0","55.292","deg","20.000","°C","100.000","μmol/L","21.658","deg","20.000","°C","1013.000","hPa","0.825","-0.013","0.000365","-0.00015","0","10","Humid","29.05","0","27.30","276686.38","SABD0002000026","AAV2.0.0.13","4.0.0.2353","PSt7-10","221103-017","5/25/2023 1:31:44 PM","0000-00","0","no battery","V","353819","µV","","µV"
"06/13/2023","14:22:46","8","default","139783136","OXY_CH8","39.649","min","75.954","μmol/L","Humid","22.368","deg","145522","µV","29.523","°C","1016.000","hPa","0.0","pmil","0","55.292","deg","20.000","°C","100.000","μmol/L","21.658","deg","20.000","°C","1013.000","hPa","0.825","-0.013","0.000365","-0.00015","0","10","Humid","29.05","0","27.30","276691.08","SABD0002000026","AAV2.0.0.13","4.0.0.2353","PSt7-10","221103-017","5/25/2023 1:31:44 PM","0000-00","0","no battery","V","353819","µV","","µV"
"06/13/2023","14:22:49","8","default","139783136","OXY_CH8","39.699","min","75.944","μmol/L","Humid","22.368","deg","145522","µV","29.529","°C","1016.000","hPa","0.0","pmil","0","55.292","deg","20.000","°C","100.000","μmol/L","21.658","deg","20.000","°C","1013.000","hPa","0.825","-0.013","0.000365","-0.00015","0","10","Humid","29.05","0","27.30","276681.83","SABD0002000026","AAV2.0.0.13","4.0.0.2353","PSt7-10","221103-017","5/25/2023 1:31:44 PM","0000-00","0","no battery","V","353819","µV","","µV"
"06/13/2023","14:22:52","8","default","139783136","OXY_CH8","39.749","min","75.912","μmol/L","Humid","22.373","deg","145536","µV","29.529","°C","1016.000","hPa","0.0","pmil","0","55.292","deg","20.000","°C","100.000","μmol/L","21.658","deg","20.000","°C","1013.000","hPa","0.825","-0.013","0.000365","-0.00015","0","10","Humid","29.05","0","27.30","276682.90","SABD0002000026","AAV2.0.0.13","4.0.0.2353","PSt7-10","221103-017","5/25/2023 1:31:44 PM","0000-00","0","no battery","V","353819","µV","","µV"
"06/13/2023","14:22:55","8","default","139783136","OXY_CH8","39.799","min","75.905","μmol/L","Humid","22.374","deg","145550","µV","29.529","°C","1016.000","hPa","0.0","pmil","0","55.292","deg","20.000","°C","100.000","μmol/L","21.658","deg","20.000","°C","1013.000","hPa","0.825","-0.013","0.000365","-0.00015","0","10","Humid","29.05","0","27.30","276675.25","SABD0002000026","AAV2.0.0.13","4.0.0.2353","PSt7-10","221103-017","5/25/2023 1:31:44 PM","0000-00","0","no battery","V","353819","µV","","µV"
"06/13/2023","14:22:58","8","default","139783136","OXY_CH8","39.849","min","75.905","μmol/L","Humid","22.374","deg","145563","µV","29.529","°C","1016.000","hPa","0.0","pmil","0","55.292","deg","20.000","°C","100.000","μmol/L","21.658","deg","20.000","°C","1013.000","hPa","0.825","-0.013","0.000365","-0.00015","0","10","Humid","29.05","0","27.30","276673.72","SABD0002000026","AAV2.0.0.13","4.0.0.2353","PSt7-10","221103-017","5/25/2023 1:31:44 PM","0000-00","0","no battery","V","353819","µV","","µV"
"06/13/2023","14:23:01","8","default","139783136","OXY_CH8","39.899","min","75.896","μmol/L","Humid","22.377","deg","145574","µV","29.523","°C","1016.000","hPa","0.0","pmil","0","55.292","deg","20.000","°C","100.000","μmol/L","21.658","deg","20.000","°C","1013.000","hPa","0.825","-0.013","0.000365","-0.00015","0","10","Humid","29.05","0","27.30","276678.19","SABD0002000026","AAV2.0.0.13","4.0.0.2353","PSt7-10","221103-017","5/25/2023 1:31:44 PM","0000-00","0","no battery","V","353819","µV","","µV"
"06/13/2023","14:23:04","8","default","139783136","OXY_CH8","39.949","min","75.853","μmol/L","Humid","22.382","deg","145591","µV","29.529","°C","1016.000","hPa","0.0","pmil","0","55.292","deg","20.000","°C","100.000","μmol/L","21.658","deg","20.000","°C","1013.000","hPa","0.825","-0.013","0.000365","-0.00015","0","10","Humid","29.05","0","27.30","276669.99","SABD0002000026","AAV2.0.0.13","4.0.0.2353","PSt7-10","221103-017","5/25/2023 1:31:44 PM","0000-00","0","no battery","V","353819","µV","","µV"
"06/13/2023","14:23:07","8","default","139783136","OXY_CH8","39.999","min","75.830","μmol/L","Humid","22.384","deg","145599","µV","29.535","°C","1016.000","hPa","0.0","pmil","0","55.292","deg","20.000","°C","100.000","μmol/L","21.658","deg","20.000","°C","1013.000","hPa","0.825","-0.013","0.000365","-0.00015","0","10","Humid","29.05","0","27.30","276664.57","SABD0002000026","AAV2.0.0.13","4.0.0.2353","PSt7-10","221103-017","5/25/2023 1:31:44 PM","0000-00","0","no battery","V","353819","µV","","µV"
"06/13/2023","14:23:10","8","default","139783136","OXY_CH8","40.049","min","75.827","μmol/L","Humid","22.386","deg","145613","µV","29.529","°C","1016.000","hPa","0.0","pmil","0","55.292","deg","20.000","°C","100.000","μmol/L","21.658","deg","20.000","°C","1013.000","hPa","0.825","-0.013","0.000365","-0.00015","0","10","Humid","29.05","0","27.30","276670.77","SABD0002000026","AAV2.0.0.13","4.0.0.2353","PSt7-10","221103-017","5/25/2023 1:31:44 PM","0000-00","0","no battery","V","353819","µV","","µV"
"06/13/2023","14:23:13","8","default","139783136","OXY_CH8","40.099","min","75.844","μmol/L","Humid","22.385","deg","145632","µV","29.523","°C","1016.000","hPa","0.0","pmil","0","55.292","deg","20.000","°C","100.000","μmol/L","21.658","deg","20.000","°C","1013.000","hPa","0.825","-0.013","0.000365","-0.00015","0","10","Humid","29.05","0","27.30","276665.59","SABD0002000026","AAV2.0.0.13","4.0.0.2353","PSt7-10","221103-017","5/25/2023 1:31:44 PM","0000-00","0","no battery","V","353819","µV","","µV"
"06/13/2023","14:23:16","8","default","139783136","OXY_CH8","40.149","min","75.814","μmol/L","Humid","22.388","deg","145638","µV","29.529","°C","1016.000","hPa","0.0","pmil","0","55.292","deg","20.000","°C","100.000","μmol/L","21.658","deg","20.000","°C","1013.000","hPa","0.825","-0.013","0.000365","-0.00015","0","10","Humid","29.05","0","27.30","276669.48","SABD0002000026","AAV2.0.0.13","4.0.0.2353","PSt7-10","221103-017","5/25/2023 1:31:44 PM","0000-00","0","no battery","V","353819","µV","","µV"
"06/13/2023","14:23:19","8","default","139783136","OXY_CH8","40.199","min","75.818","μmol/L","Humid","22.389","deg","145647","µV","29.523","°C","1016.000","hPa","0.0","pmil","0","55.292","deg","20.000","°C","100.000","μmol/L","21.658","deg","20.000","°C","1013.000","hPa","0.825","-0.013","0.000365","-0.00015","0","10","Humid","29.05","0","27.30","276657.40","SABD0002000026","AAV2.0.0.13","4.0.0.2353","PSt7-10","221103-017","5/25/2023 1:31:44 PM","0000-00","0","no battery","V","353819","µV","","µV"
"06/13/2023","14:23:22","8","default","139783136","OXY_CH8","40.249","min","75.782","μmol/L","Humid","22.393","deg","145654","µV","29.529","°C","1016.000","hPa","0.0","pmil","0","55.292","deg","20.000","°C","100.000","μmol/L","21.658","deg","20.000","°C","1013.000","hPa","0.825","-0.013","0.000365","-0.00015","0","10","Humid","29.05","0","27.30","276643.43","SABD0002000026","AAV2.0.0.13","4.0.0.2353","PSt7-10","221103-017","5/25/2023 1:31:44 PM","0000-00","0","no battery","V","353819","µV","","µV"
"06/13/2023","14:23:25","8","default","139783136","OXY_CH8","40.299","min","75.789","μmol/L","Humid","22.392","deg","145670","µV","29.529","°C","1016.000","hPa","0.0","pmil","0","55.292","deg","20.000","°C","100.000","μmol/L","21.658","deg","20.000","°C","1013.000","hPa","0.825","-0.013","0.000365","-0.00015","0","10","Humid","29.05","0","27.30","276650.60","SABD0002000026","AAV2.0.0.13","4.0.0.2353","PSt7-10","221103-017","5/25/2023 1:31:44 PM","0000-00","0","no battery","V","353819","µV","","µV"
"06/13/2023","14:23:28","8","default","139783136","OXY_CH8","40.349","min","75.776","μmol/L","Humid","22.394","deg","145682","µV","29.529","°C","1016.000","hPa","0.0","pmil","0","55.292","deg","20.000","°C","100.000","μmol/L","21.658","deg","20.000","°C","1013.000","hPa","0.825","-0.013","0.000365","-0.00015","0","10","Humid","29.05","0","27.30","276658.33","SABD0002000026","AAV2.0.0.13","4.0.0.2353","PSt7-10","221103-017","5/25/2023 1:31:44 PM","0000-00","0","no battery","V","353819","µV","","µV"
"06/13/2023","14:23:31","8","default","139783136","OXY_CH8","40.399","min","75.773","μmol/L","Humid","22.396","deg","145697","µV","29.523","°C","1016.000","hPa","0.0","pmil","0","55.292","deg","20.000","°C","100.000","μmol/L","21.658","deg","20.000","°C","1013.000","hPa","0.825","-0.013","0.000365","-0.00015","0","10","Humid","29.05","0","27.30","276648.19","SABD0002000026","AAV2.0.0.13","4.0.0.2353","PSt7-10","221103-017","5/25/2023 1:31:44 PM","0000-00","0","no battery","V","353819","µV","","µV"
"06/13/2023","14:23:34","8","default","139783136","OXY_CH8","40.449","min","75.760","μmol/L","Humid","22.398","deg","145716","µV","29.523","°C","1016.000","hPa","0.0","pmil","0","55.292","deg","20.000","°C","100.000","μmol/L","21.658","deg","20.000","°C","1013.000","hPa","0.825","-0.013","0.000365","-0.00015","0","10","Humid","29.05","0","27.30","276670.04","SABD0002000026","AAV2.0.0.13","4.0.0.2353","PSt7-10","221103-017","5/25/2023 1:31:44 PM","0000-00","0","no battery","V","353819","µV","","µV"
"06/13/2023","14:23:37","8","default","139783136","OXY_CH8","40.499","min","75.724","μmol/L","Humid","22.402","deg","145715","µV","29.529","°C","1016.000","hPa","0.0","pmil","0","55.292","deg","20.000","°C","100.000","μmol/L","21.658","deg","20.000","°C","1013.000","hPa","0.825","-0.013","0.000365","-0.00015","0","10","Humid","29.05","0","27.30","276650.84","SABD0002000026","AAV2.0.0.13","4.0.0.2353","PSt7-10","221103-017","5/25/2023 1:31:44 PM","0000-00","0","no battery","V","353819","µV","","µV"
"06/13/2023","14:23:40","8","default","139783136","OXY_CH8","40.549","min","75.717","μmol/L","Humid","22.403","deg","145729","µV","29.529","°C","1016.000","hPa","0.0","pmil","0","55.292","deg","20.000","°C","100.000","μmol/L","21.658","deg","20.000","°C","1013.000","hPa","0.825","-0.013","0.000365","-0.00015","0","10","Humid","29.05","0","27.30","276645.75","SABD0002000026","AAV2.0.0.13","4.0.0.2353","PSt7-10","221103-017","5/25/2023 1:31:44 PM","0000-00","0","no battery","V","353819","µV","","µV"
"06/13/2023","14:23:43","8","default","139783136","OXY_CH8","40.599","min","75.734","μmol/L","Humid","22.402","deg","145751","µV","29.523","°C","1016.000","hPa","0.0","pmil","0","55.292","deg","20.000","°C","100.000","μmol/L","21.658","deg","20.000","°C","1013.000","hPa","0.825","-0.013","0.000365","-0.00015","0","10","Humid","29.05","0","27.30","276654.55","SABD0002000026","AAV2.0.0.13","4.0.0.2353","PSt7-10","221103-017","5/25/2023 1:31:44 PM","0000-00","0","no battery","V","353819","µV","","µV"
"06/13/2023","14:23:46","8","default","139783136","OXY_CH8","40.649","min","75.688","μmol/L","Humid","22.406","deg","145771","µV","29.535","°C","1016.000","hPa","0.0","pmil","0","55.292","deg","20.000","°C","100.000","μmol/L","21.658","deg","20.000","°C","1013.000","hPa","0.825","-0.013","0.000365","-0.00015","0","10","Humid","29.05","0","27.30","276667.80","SABD0002000026","AAV2.0.0.13","4.0.0.2353","PSt7-10","221103-017","5/25/2023 1:31:44 PM","0000-00","0","no battery","V","353819","µV","","µV"
"06/13/2023","14:23:49","8","default","139783136","OXY_CH8","40.699","min","75.679","μmol/L","Humid","22.409","deg","145781","µV","29.529","°C","1016.000","hPa","0.0","pmil","0","55.292","deg","20.000","°C","100.000","μmol/L","21.658","deg","20.000","°C","1013.000","hPa","0.825","-0.013","0.000365","-0.00015","0","10","Humid","29.05","0","27.30","276654.01","SABD0002000026","AAV2.0.0.13","4.0.0.2353","PSt7-10","221103-017","5/25/2023 1:31:44 PM","0000-00","0","no battery","V","353819","µV","","µV"
"06/13/2023","14:23:52","8","default","139783136","OXY_CH8","40.749","min","75.669","μmol/L","Humid","22.409","deg","145793","µV","29.535","°C","1016.000","hPa","0.0","pmil","0","55.292","deg","20.000","°C","100.000","μmol/L","21.658","deg","20.000","°C","1013.000","hPa","0.825","-0.013","0.000365","-0.00015","0","10","Humid","29.05","0","27.30","276655.95","SABD0002000026","AAV2.0.0.13","4.0.0.2353","PSt7-10","221103-017","5/25/2023 1:31:44 PM","0000-00","0","no battery","V","353819","µV","","µV"
"06/13/2023","14:23:55","8","default","139783136","OXY_CH8","40.799","min","75.695","μmol/L","Humid","22.408","deg","145799","µV","29.523","°C","1016.000","hPa","0.0","pmil","0","55.292","deg","20.000","°C","100.000","μmol/L","21.658","deg","20.000","°C","1013.000","hPa","0.825","-0.013","0.000365","-0.00015","0","10","Humid","29.05","0","27.30","276649.18","SABD0002000026","AAV2.0.0.13","4.0.0.2353","PSt7-10","221103-017","5/25/2023 1:31:44 PM","0000-00","0","no battery","V","353819","µV","","µV"
"06/13/2023","14:23:58","8","default","139783136","OXY_CH8","40.849","min","75.624","μmol/L","Humid","22.416","deg","145817","µV","29.535","°C","1016.000","hPa","0.0","pmil","0","55.292","deg","20.000","°C","100.000","μmol/L","21.658","deg","20.000","°C","1013.000","hPa","0.825","-0.013","0.000365","-0.00015","0","10","Humid","29.05","0","27.30","276657.55","SABD0002000026","AAV2.0.0.13","4.0.0.2353","PSt7-10","221103-017","5/25/2023 1:31:44 PM","0000-00","0","no battery","V","353819","µV","","µV"
"06/13/2023","14:24:01","8","default","139783136","OXY_CH8","40.899","min","75.627","μmol/L","Humid","22.417","deg","145826","µV","29.529","°C","1016.000","hPa","0.0","pmil","0","55.292","deg","20.000","°C","100.000","μmol/L","21.658","deg","20.000","°C","1013.000","hPa","0.825","-0.013","0.000365","-0.00015","0","10","Humid","29.05","0","27.30","276643.49","SABD0002000026","AAV2.0.0.13","4.0.0.2353","PSt7-10","221103-017","5/25/2023 1:31:44 PM","0000-00","0","no battery","V","353819","µV","","µV"
"06/13/2023","14:24:04","8","default","139783136","OXY_CH8","40.949","min","75.637","μmol/L","Humid","22.417","deg","145838","µV","29.523","°C","1016.000","hPa","0.0","pmil","0","55.292","deg","20.000","°C","100.000","μmol/L","21.658","deg","20.000","°C","1013.000","hPa","0.825","-0.013","0.000365","-0.00015","0","10","Humid","29.05","0","27.30","276655.28","SABD0002000026","AAV2.0.0.13","4.0.0.2353","PSt7-10","221103-017","5/25/2023 1:31:44 PM","0000-00","0","no battery","V","353819","µV","","µV"
"06/13/2023","14:24:07","8","default","139783136","OXY_CH8","40.999","min","75.624","μmol/L","Humid","22.419","deg","145854","µV","29.523","°C","1016.000","hPa","0.0","pmil","0","55.292","deg","20.000","°C","100.000","μmol/L","21.658","deg","20.000","°C","1013.000","hPa","0.825","-0.013","0.000365","-0.00015","0","10","Humid","29.05","0","27.30","276666.27","SABD0002000026","AAV2.0.0.13","4.0.0.2353","PSt7-10","221103-017","5/25/2023 1:31:44 PM","0000-00","0","no battery","V","353819","µV","","µV"
"06/13/2023","14:24:10","8","default","139783136","OXY_CH8","41.049","min","75.595","μmol/L","Humid","22.422","deg","145863","µV","29.529","°C","1016.000","hPa","0.0","pmil","0","55.292","deg","20.000","°C","100.000","μmol/L","21.658","deg","20.000","°C","1013.000","hPa","0.825","-0.013","0.000365","-0.00015","0","10","Humid","29.05","0","27.30","276664.97","SABD0002000026","AAV2.0.0.13","4.0.0.2353","PSt7-10","221103-017","5/25/2023 1:31:44 PM","0000-00","0","no battery","V","353819","µV","","µV"
"06/13/2023","14:24:13","8","default","139783136","OXY_CH8","41.099","min","75.608","μmol/L","Humid","22.423","deg","145878","µV","29.517","°C","1016.000","hPa","0.0","pmil","0","55.292","deg","20.000","°C","100.000","μmol/L","21.658","deg","20.000","°C","1013.000","hPa","0.825","-0.013","0.000365","-0.00015","0","10","Humid","29.05","0","27.30","276652.42","SABD0002000026","AAV2.0.0.13","4.0.0.2353","PSt7-10","221103-017","5/25/2023 1:31:44 PM","0000-00","0","no battery","V","353819","µV","","µV"
"06/13/2023","14:24:16","8","default","139783136","OXY_CH8","41.149","min","75.598","μmol/L","Humid","22.423","deg","145892","µV","29.523","°C","1016.000","hPa","0.0","pmil","0","55.292","deg","20.000","°C","100.000","μmol/L","21.658","deg","20.000","°C","1013.000","hPa","0.825","-0.013","0.000365","-0.00015","0","10","Humid","29.05","0","27.30","276665.67","SABD0002000026","AAV2.0.0.13","4.0.0.2353","PSt7-10","221103-017","5/25/2023 1:31:44 PM","0000-00","0","no battery","V","353819","µV","","µV"
"06/13/2023","14:24:19","8","default","139783136","OXY_CH8","41.199","min","75.582","μmol/L","Humid","22.427","deg","145897","µV","29.517","°C","1016.000","hPa","0.0","pmil","0","55.292","deg","20.000","°C","100.000","μmol/L","21.658","deg","20.000","°C","1013.000","hPa","0.825","-0.013","0.000365","-0.00015","0","10","Humid","29.05","0","27.30","276663.06","SABD0002000026","AAV2.0.0.13","4.0.0.2353","PSt7-10","221103-017","5/25/2023 1:31:44 PM","0000-00","0","no battery","V","353819","µV","","µV"
"06/13/2023","14:24:22","8","default","139783136","OXY_CH8","41.249","min","75.559","μmol/L","Humid","22.429","deg","145916","µV","29.523","°C","1016.000","hPa","0.0","pmil","0","55.292","deg","20.000","°C","100.000","μmol/L","21.658","deg","20.000","°C","1013.000","hPa","0.825","-0.013","0.000365","-0.00015","0","10","Humid","29.05","0","27.30","276651.22","SABD0002000026","AAV2.0.0.13","4.0.0.2353","PSt7-10","221103-017","5/25/2023 1:31:44 PM","0000-00","0","no battery","V","353819","µV","","µV"
"06/13/2023","14:24:25","8","default","139783136","OXY_CH8","41.299","min","75.566","μmol/L","Humid","22.428","deg","145923","µV","29.523","°C","1016.000","hPa","0.0","pmil","0","55.292","deg","20.000","°C","100.000","μmol/L","21.658","deg","20.000","°C","1013.000","hPa","0.825","-0.013","0.000365","-0.00015","0","10","Humid","29.05","0","27.30","276650.76","SABD0002000026","AAV2.0.0.13","4.0.0.2353","PSt7-10","221103-017","5/25/2023 1:31:44 PM","0000-00","0","no battery","V","353819","µV","","µV"
"06/13/2023","14:24:28","8","default","139783136","OXY_CH8","41.349","min","75.540","μmol/L","Humid","22.432","deg","145948","µV","29.523","°C","1016.000","hPa","0.0","pmil","0","55.292","deg","20.000","°C","100.000","μmol/L","21.658","deg","20.000","°C","1013.000","hPa","0.825","-0.013","0.000365","-0.00015","0","10","Humid","29.05","0","27.30","276659.91","SABD0002000026","AAV2.0.0.13","4.0.0.2353","PSt7-10","221103-017","5/25/2023 1:31:44 PM","0000-00","0","no battery","V","353819","µV","","µV"
"06/13/2023","14:24:31","8","default","139783136","OXY_CH8","41.399","min","75.540","μmol/L","Humid","22.432","deg","145951","µV","29.523","°C","1016.000","hPa","0.0","pmil","0","55.292","deg","20.000","°C","100.000","μmol/L","21.658","deg","20.000","°C","1013.000","hPa","0.825","-0.013","0.000365","-0.00015","0","10","Humid","29.05","0","27.30","276650.96","SABD0002000026","AAV2.0.0.13","4.0.0.2353","PSt7-10","221103-017","5/25/2023 1:31:44 PM","0000-00","0","no battery","V","353819","µV","","µV"
"06/13/2023","14:24:34","8","default","139783136","OXY_CH8","41.449","min","75.530","μmol/L","Humid","22.435","deg","145959","µV","29.517","°C","1016.000","hPa","0.0","pmil","0","55.292","deg","20.000","°C","100.000","μmol/L","21.658","deg","20.000","°C","1013.000","hPa","0.825","-0.013","0.000365","-0.00015","0","10","Humid","29.05","0","27.30","276642.49","SABD0002000026","AAV2.0.0.13","4.0.0.2353","PSt7-10","221103-017","5/25/2023 1:31:44 PM","0000-00","0","no battery","V","353819","µV","","µV"
"06/13/2023","14:24:37","8","default","139783136","OXY_CH8","41.499","min","75.521","μmol/L","Humid","22.435","deg","145975","µV","29.523","°C","1016.000","hPa","0.0","pmil","0","55.292","deg","20.000","°C","100.000","μmol/L","21.658","deg","20.000","°C","1013.000","hPa","0.825","-0.013","0.000365","-0.00015","0","10","Humid","29.05","0","27.30","276647.17","SABD0002000026","AAV2.0.0.13","4.0.0.2353","PSt7-10","221103-017","5/25/2023 1:31:44 PM","0000-00","0","no battery","V","353819","µV","","µV"
"06/13/2023","14:24:40","8","default","139783136","OXY_CH8","41.549","min","75.479","μmol/L","Humid","22.440","deg","145988","µV","29.529","°C","1016.000","hPa","0.0","pmil","0","55.292","deg","20.000","°C","100.000","μmol/L","21.658","deg","20.000","°C","1013.000","hPa","0.825","-0.013","0.000365","-0.00015","0","10","Humid","29.05","0","27.30","276635.77","SABD0002000026","AAV2.0.0.13","4.0.0.2353","PSt7-10","221103-017","5/25/2023 1:31:44 PM","0000-00","0","no battery","V","353819","µV","","µV"
"06/13/2023","14:24:43","8","default","139783136","OXY_CH8","41.599","min","75.456","μmol/L","Humid","22.445","deg","146003","µV","29.523","°C","1016.000","hPa","0.0","pmil","0","55.292","deg","20.000","°C","100.000","μmol/L","21.658","deg","20.000","°C","1013.000","hPa","0.825","-0.013","0.000365","-0.00015","0","10","Humid","29.05","0","27.30","276643.38","SABD0002000026","AAV2.0.0.13","4.0.0.2353","PSt7-10","221103-017","5/25/2023 1:31:44 PM","0000-00","0","no battery","V","353819","µV","","µV"
"06/13/2023","14:24:46","8","default","139783136","OXY_CH8","41.649","min","75.479","μmol/L","Humid","22.443","deg","146012","µV","29.517","°C","1016.000","hPa","0.0","pmil","0","55.292","deg","20.000","°C","100.000","μmol/L","21.658","deg","20.000","°C","1013.000","hPa","0.825","-0.013","0.000365","-0.00015","0","10","Humid","29.05","0","27.30","276635.22","SABD0002000026","AAV2.0.0.13","4.0.0.2353","PSt7-10","221103-017","5/25/2023 1:31:44 PM","0000-00","0","no battery","V","353819","µV","","µV"
"06/13/2023","14:24:49","8","default","139783136","OXY_CH8","41.699","min","75.453","μmol/L","Humid","22.444","deg","146010","µV","29.529","°C","1016.000","hPa","0.0","pmil","0","55.292","deg","20.000","°C","100.000","μmol/L","21.658","deg","20.000","°C","1013.000","hPa","0.825","-0.013","0.000365","-0.00015","0","10","Humid","29.05","0","27.30","276633.37","SABD0002000026","AAV2.0.0.13","4.0.0.2353","PSt7-10","221103-017","5/25/2023 1:31:44 PM","0000-00","0","no battery","V","353819","µV","","µV"
"06/13/2023","14:24:52","8","default","139783136","OXY_CH8","41.749","min","75.443","μmol/L","Humid","22.447","deg","146027","µV","29.523","°C","1016.000","hPa","0.0","pmil","0","55.292","deg","20.000","°C","100.000","μmol/L","21.658","deg","20.000","°C","1013.000","hPa","0.825","-0.013","0.000365","-0.00015","0","10","Humid","29.05","0","27.30","276623.08","SABD0002000026","AAV2.0.0.13","4.0.0.2353","PSt7-10","221103-017","5/25/2023 1:31:44 PM","0000-00","0","no battery","V","353819","µV","","µV"
"06/13/2023","14:24:55","8","default","139783136","OXY_CH8","41.799","min","75.430","μmol/L","Humid","22.449","deg","146049","µV","29.523","°C","1016.000","hPa","0.0","pmil","0","55.292","deg","20.000","°C","100.000","μmol/L","21.658","deg","20.000","°C","1013.000","hPa","0.825","-0.013","0.000365","-0.00015","0","10","Humid","29.05","0","27.30","276642.53","SABD0002000026","AAV2.0.0.13","4.0.0.2353","PSt7-10","221103-017","5/25/2023 1:31:44 PM","0000-00","0","no battery","V","353819","µV","","µV"
"06/13/2023","14:24:58","8","default","139783136","OXY_CH8","41.849","min","75.405","μmol/L","Humid","22.453","deg","146064","µV","29.523","°C","1016.000","hPa","0.0","pmil","0","55.292","deg","20.000","°C","100.000","μmol/L","21.658","deg","20.000","°C","1013.000","hPa","0.825","-0.013","0.000365","-0.00015","0","10","Humid","29.05","0","27.30","276638.21","SABD0002000026","AAV2.0.0.13","4.0.0.2353","PSt7-10","221103-017","5/25/2023 1:31:44 PM","0000-00","0","no battery","V","353819","µV","","µV"

"Date","Time","delta_t","Device_Serial","Channel","User","Annotation"
